名字,会员级别,评论内容,评论时间,点赞数,评论数,评价星级
C***7,PLUS会员,"收到全新的手机，应该是原封的。并没有太仔细的去看什么缝隙。开机11.02版本，从iPhone5转iPhone8的确有点不习惯，第一个就是无法按下的home键，用了两天依然觉得不好用还是原来的home比较好。也难怪苹果只在7和8上用了，估计以后也不会用了。第二，比iPhone5重了很多，沉甸甸的。第三，圆弧边远不如iPhone5直角边拿的稳。其他就都是优点了，速度快，屏幕不仅更大而且更细腻，但还是不太习惯ture tone屏幕（开着就感觉是偏黄），拍照水准又上了一个档次。无线充电还没有试过，但是车载磁贴手机支架貌似不能用了，磁贴贴上起影响充电。充电器就是标准的5W头，不知道苹果如何实现快速充电的，问苹果客服，和个傻子一样，一问三不知，都不知道8支持快充，估计是临时工。
总结:拿到iPhone8完全没新鲜感，虽然5已经有点卡了，但要不是越来越多的APP开始抛弃5，我至少让5再战一年。如果让我重新选择，我会选择换成iPhone  SE 黑色32G。
另外，备注一下我一直是双机，iOS加安卓，安卓一年换一个也不买好的就千元机，只求大屏幕。现在用的三星C7 Pro，感觉比iPhone好用功能多。",2017-11-03 22:59:47,948,794,5
家***乱,银牌会员,"京东自营，苹果出品，国行正品，双十一活动叠劵满减后不到五千，比港版官网还便宜，不用预购、不用交关税，还有流量卡送，省心省力省钱，京东下单不到一天送达，物品新全，包装完好无刮损，试用一次激活，操作变化不大，无线充电功能暂时用不着，形状和6S基本一致，外观有些许变化，比6S重点，背面是挺漂亮的，相片声音效果和6S差不多，个人用PP助手备份还原，成功将6S数据导入Ip8,比电脑itunes备份还原快多了,暂时操作流畅，未有不良反应，电池确实比6S耐用一点未见有发烫现象，待试用一段时间后追评，支持国行，五星好评！",2017-11-06 14:44:42,1157,457,5
h***1,银牌会员,收到之后用了一段时间了。首先在京东买，发货很快，也挺快就收到了，没有什么包装，还好也没磕碰。手机已经在实体店感受过了，金色是最好看的，比较重比较压手。小屏手机对于女生的手来说比较刚好，看一段时间就习惯了。容量64G应该够用吧，系统占了6G，随便装装软件就16G了。新手机还是很流畅的，电池也比较耐用。手机拍照也不错，不过还是比不过双摄像头的，平常随便拍拍还可以。总的来说，是一款成熟的手机，不是颠覆性的，但是用着蛮安心的。希望手机一如既往好用，撑个两三年。然后京东的售后维修服务什么的能跟上，不然出问题特别麻烦。,2017-11-25 20:27:09,121,64,5
j***d,金牌会员,"之前在Apple官网的，结果发现京东降价1000+，就把官网的退了（直营店和官网14天无理由退货）。
作为一个用了8年IOS设备的资深果粉，感觉苹果迟早要完，但就目前而言，苹果还是最好用的手机。
先吐糟，摄像头进灰是通病，基本每一台8/8plus都有，不管在哪买的，确实让我很不爽，之前的苹果可不是这样的。ios11的系统bug也比较多，对于IOS我还不能忍受的一点就是新系统对旧设备负优化，这是从第一代苹果就留下来的传统，从ios10.2开始，苹果还对电池状态不佳的设备CPU降频，完全就是在强*设备。
不过话说回来，目前苹果还是比安卓好用多了。尤其在天朝，Google服务都被墙了，因此安卓手机体验大打折扣。GooglePlay商店不能用，只能用各种捆绑安装，鱼龙混杂，且资源不全的国产应用商店。很多国外的游戏大作因为无法连接谷歌服务而不能正常运行。
总而言之，京东的iPhone8还是值得购买的，性价比真的很高。A11芯片吊打目前打遍天下无敌手，拍照也绝对是一流水准，屏幕色彩表现首屈一指，分辨率虽然算不上顶尖但看上去也足够精细。",2017-11-06 19:35:51,187,91,5
1***m,PLUS会员,苹果8让我感觉到了真真正正的人机合一。运行速度超级流畅。小米，华为之流确实无法比拟。让我对苹果肃然起敬。小米华为给我的感觉功能是拼凑起来的。不像苹果有一种很强的整体感。苹果就是不一样。,2017-11-05 09:27:00,85,124,5
j***7,钻石会员,不等双十一了，优惠1000+可以了！关注好久了！本来打算买iphone7了，没想到8有这么大的优惠！差不几百块钱！干脆买新不买旧了！看后续使用体验如何吧！,2017-10-30 15:45:20,376,258,5
j***1,银牌会员,"难道我买的是2手，刚拿到，怎么有那么多名字啊，手机的名字也叫 erduo的iphone   这就尴尬了。
手机做工可以，只是屏幕正中间有个0.02mm大小的灰尘，这么大，质检是眼瞎吗。算了，这部送人，我*",2017-11-06 13:26:18,724,114,5
去***难,金牌会员,纠结了好久4588终于下手了，到手查了序列号全新未激活，机子拿到手没有什么太大的瑕疵。第一次用iphone总得来说用起来还可以吧，不过个人感觉还是更喜欢金属外壳。手机到手卡了一次，应该是系统不稳定。暂时没发现什么大问题，也没有出现网上说的各种问题。用一段时间以后再来评价吧。想买的可以入手，个人觉得降了1300可以了。,2017-11-10 18:21:05,164,107,5
w***8,PLUS会员,不错哦，像素很清新，拍摄视频也很清新,2017-11-11 22:26:19,35,13,5
p***y,PLUS会员,给弟弟买的手机，不算是最低价格也还可以，原来用的5终于可以*了。其实苹果手机在不升级系统的情况下还是很耐用的。新的8也还是不错，比较容易上手。,2017-11-14 21:58:21,9,0,5
j***2,金牌会员,第一次用苹果，刚收到很好，挺喜欢的，没有网上说的那些毛病，4777入手的送了8900京豆，挺合适的！,2017-11-04 13:08:40,29,10,5
莱***9,PLUS会员,帮家人买的～六六六,2017-11-13 14:54:29,11,3,5
j***i,金牌会员,觉得还不错，后边是玻璃镜面的。用手机换的速度特别快，觉得安卓和苹果一样的用，觉得还是苹果强大阿 哈哈哈，开始还在犹豫7p还是8 ，后来还是要8吧， 没划痕 ，看评论说电话不清楚或者微信语音不行，试了试 暂时还没有，不知道以后会不会有阿 ，这是第二次使用京东，快递大哥说你在网上买了好几次手机了吧……哈哈哈 现在在外地 两个月 确实都是他送的，64G内存够用 手感很好，用用再说 用段时间会接着给回馈。唯一就是手机 几千块钱的东西 以后包装能不能心安一些……怕碰阿,2018-01-19 15:48:49,27,6,5
j***9,PLUS会员,还行吧！原装未开封，物流也很快，用着不错，等用短时间再评论吧！,2017-12-13 16:49:42,21,11,5
c***8,PLUS会员,这是头一天晚上抢的，今天就到货了，速度快。上手体验了一下，感觉苹果11系统还是蛮快的，待机时间也可以，比苹果7有一定的提升（虽然电池容量有所降低）。给快递小哥点个赞。,2017-10-29 19:56:35,14,4,5
退***元,PLUS会员,"手机可以的，cpu强劲，拍照也不错，感光度比上一代提升明显，手感萌萌哒，喜欢，5000/6000块的手机，国产***老是说花这么多钱买个手机有必要吗？一个手机老是上纲上线，我也是醉了。然后还说出一大堆人生大道理，大的国家，地球。********,",2017-09-23 16:17:52,1137,383,5
猫***猫,PLUS会员,之前4800没买，?5000+才入手，肉痛。发货很快，当天下午买，第二天早上就到了。包装可以。有封条，是正品！送人的，没拆。,2017-12-14 07:43:02,33,16,5
志***Z,PLUS会员,"第一次给自己买苹果手机。未激活正品，灰色真的挺好看。双十二买的、今天到家了系统更新11,2很流畅 一开始打算买8p来着拿了老婆6sp把玩还是有点大所以买了8单手操作方便。打算用五年的！哈哈?",2017-12-13 21:59:50,26,20,5
j***格,钻石会员,收货很快，京东就是给力。从6到8，买不起X了?感觉还不错，喜欢玻璃镜面，挺好用的，不过总体来说和7没太大区别，就先用着了,2017-11-10 16:08:00,17,2,5
如***l,PLUS会员,"首先，11.07下单，当天就到了，速度好评?。iPhone8真的很好看。
激活苹果后先下载了一些常用软件，接着在主屏幕的时候点击app图标进不去没反应，过了一会儿又点击才进入APP，好几次这样。
感觉用电也有点快，从17：00到19：00两个小时电量从60％到40％。
先去升级一些系统看还有没有在主界面进不去APP的bug，由于升级系统要50％以上的电量，就拿去充电。
从19：00开始充电到20：55充电完成（电量40％-100％） ，充60％电用了快两小时，充电速度也不快。
耗电真的太快了。
升级系统后觉得左上角的返回键很不灵敏，不知道是系统问题还是手机问题。
等后续使用情况再来评论。",2017-11-08 01:36:55,50,92,3
霜***寒,PLUS会员,黑色还是很耐看的，等了两天才到货，手感挺不错，续航还可以吧，昨天中午收到的货，非重度使用，今天早上起来还有8％的电，流畅度还可以！,2017-09-24 13:22:33,28,7,5
F***9,PLUS会员,相比x，我更喜欢touch ID，而且相比plus，8的比例要更好点。可能Face ID的新鲜头就那么几天，所以我选择8(其实还是穷，哈哈哈哈开玩笑的)，8很实用了。个人觉得花那么多钱没必要。,2017-11-05 15:38:16,26,1,5
Uncle丶Wee,金牌会员,虽然是第一次买苹果的产品，但是之前也是用过iphone的，感觉性能够高，拍照也不错，比较均衡的手机，就是手上的i8感觉屏幕真的有点黄，特别是左下角明显比上面黄一点，其他还行，用一段时间过后看再来追加。,2018-02-04 23:45:23,24,1,5
叶***头,PLUS会员,一直很苦恼给女朋友生日礼物送什么，直到库老板及时推出了8…拿回去给她自己拆吧，就不晒实物图了。感谢快递大叔，顺便鄙视一下隔壁猫的20天发货,2017-09-22 17:43:04,135,75,5
洗***丶,PLUS会员,东西收到了，用的300券，很划算，虽然是双网通，但是够用了，我没有电信卡哈哈,2018-01-04 13:56:28,60,39,5
j***h,银牌会员,很不满意的一次购物。先说京东物流吧。下单之前显示说是第二天到达的，快递盒上也写了次日到达。结果过了两天才收到货。再说手机吧，之前就听说苹果8问题很多，还抱着怀疑的态度。看这次京东优惠力度挺大的就入手了一个。到手了才发现苹果8果然是问题机，刚收到的新机，右下角上就有一点瑕疵，背面的玻璃有两个点像是内部有气泡似的。激活后用了一天，发现系统经常会出现卡顿，手机解锁了还是进不去。有时用着就卡了动不了。还有听筒的声音特别轻，电话接起来声音开最大还是听不清楚，扬声器的声音也很轻。另外外观上看着跟6没什么区别，功能上也没多大改观。还在犹豫的小伙伴真心不建议购买。,2017-11-04 19:58:53,223,101,1
魏***伟,金牌会员,系统非常流畅，比现在用的6sp性能好很多，使用几天了，出现过2-3次闪退，主要是网店使用，果8就是做备用，之前想换安卓试试，后来想了想还是选了苹果，目前一切正常，黑色太好看了，背面玻璃，手感很好，整体非常有艺术感，期待以后别出问题，现在的6sp去年冬天经常自动关机，今年没有那个问题了，也没修过，不知为什么好了！,2017-12-06 23:13:04,7,2,5
j***b,金牌会员,没想到移动联通双网的优惠这么多，非常实惠。系统超级流畅，待机时间超长，分辨率清晰，音色很好。黑色的非常漂亮，拿到手手感很好。总之非常超值啦。,2018-01-17 17:06:25,9,10,5
j***y,PLUS会员,机子没开过看型号是国行所有号码都对得上物流非常快第二天就收到机子没有发现问题,2018-01-09 23:38:07,15,7,5
小***帝,PLUS会员,观察好久4999活动价入手，iPhone8物有所值；64G内存够用；大小正好，包装完整，有防拆提醒，快递给力，手机运行速度棒，正品。相信京东，家里大部分东西都是从京东商城购买的，支持京东送货速度惊人，超赞。,2018-03-03 13:06:17,1,0,5
j***y,银牌会员,发现苹果系统一个BUG，计算器一切皆有可能（1+2+3不等于6），从安卓换到苹果，还得再习惯习惯,2017-12-14 15:19:40,16,8,5
M***鱼,金牌会员,"京东次日达~！盼星星盼月亮终于盼到一台新的iphone,作为一个从5s时代跳过来的apple用户来说，8简直就是神一样的体验。虽然17年apple发布会上它貌似不是主角，但是对比上一代还是有性能提升的，反正这机子我宝着呢~",2018-03-04 20:45:21,1,0,5
c***6,钻石会员,后壳的手感很不错，从前面看和6和7没啥差别，带上壳从后面看也看不出来啥了，京东这个8卖的确实很便宜，也算是性价比适中吧！,2017-11-11 11:28:25,5,2,5
j***e,钻石会员,机子非常好看，运行速度足够了，上午买的下午就送过来了，满意,2018-03-07 17:56:51,0,0,5
那***的,银牌会员,还可以，不算翻车，到手仔细看了一下，边缘有一块米粒大小的漆面伤痕，但总体能够接受。true tone感觉偏暖，但是习惯就好了。现在唯一后悔的是，双十一4688没买，双十二跑去买5088的，不过转念一想是自己没抓住机会嘛，不可能天天双十一。金色烂大街，黑色买不到，总体来说银色还是不错的哈。,2017-12-26 11:40:10,15,6,5
能***吗,银牌会员,1号中午下单，晚上10点就拿到包裹，赞?。手机全新未激活，很好用，?。,2017-12-02 17:51:01,37,18,5
j***5,钻石会员,挺好的，暂时没有发现问题。我是冲着无线充电买的。实在是方便。时刻在充电。本来想大屏，没钱。用起来发现小屏也很好，大小适中，携带方便。,2018-02-10 10:08:57,2,1,5
鼬***遇,PLUS会员,说实话  这手机我并不满意，第一手机用电是真的相当快，基本上普通的开数据网络，只能用四个小时，半天就没电了  续航能力是太差了，第二，有时候触屏还有点不灵，还要按好几次，第三，听音乐手机手机震动太大了，音质不好，而且手机充电也慢，比安卓手机差的太远了，要是能退款的，我马上就退了 。激活不能退了，唉。,2017-11-06 09:47:59,12,8,3
王***2,PLUS会员,还可以，用起来不错，挺好用的，8就就是6。,2018-02-27 10:03:29,2,1,5
也***呢,金牌会员,挺好的，是国行，全新未开封！！！！,2018-03-04 19:57:14,1,0,5
深***途,PLUS会员,收到之后用了一段时间了。首先在京东买，发货很快，也挺快就收到了，没有什么包装，还好也没磕碰。手机已经在实体店感受过了，金色是最好看的，比较重比较压手。小屏手机对于女生的手来说比较刚好，看一段时间就习惯了。容量64G应该够用吧，系统占了6G，随便装装软件就16G了。新手机还是很流畅的，电池也比较耐用。手机拍照也不错，不过还是比不过双摄像头的，平常随便拍拍还可以。总的来说，是一款成熟的手机，不是颠覆性的，但是用着蛮安心的。希望手机一如既往好用，撑个两三年。然后京东的售后维修服务什么的能跟上，不然出问题特别麻烦。,2018-03-08 15:14:46,1,0,5
j***e,PLUS会员,用了一个月才来评价，手机不错，果八粉丝们A11芯片速度很快，值得拥有。,2018-03-07 21:13:33,0,0,5
P***r,银牌会员,性能不错比7流畅很多,2018-03-08 23:03:02,0,0,5
a***o,PLUS会员,买了刚一个月就这样，不知道怎么回事，伤心,2017-12-04 07:41:55,123,26,1
9***l,金牌会员,非常好，没有瑕疵，电子产品还是很相信京东的。玻璃后面板温润如玉，i8除了变厚了一点其他方面还是很稳的。,2018-03-02 23:51:21,2,0,5
j***l,PLUS会员,京东卖的狗屎！原来一直信赖京东，今年都在京东上买了两万多元的东西了，可是这次的手机让人太失望了，买了第二天就降价太50多，还送211元的京豆！客服说可以价保的，连续问几天鸟都不鸟，这就是京东客服！你们京东还这样迟早关门！,2017-11-07 22:24:57,163,77,1
6***7,金牌会员,系统流畅，性价比高，好久没用苹果了，买给老婆的礼物。,2018-03-04 11:55:29,1,0,5
a空中乐购,金牌会员,手机如同一块玉石一样温润，小巧玲珑，做工精美，手机性能超强，大小适中，京东不愧是金牌购物城，值得信赖，送货速度没得说。,2017-11-09 13:48:13,8,1,5
D可苦可乐,PLUS会员,特别顺畅，京东自营一直值得信赖，想都没想就买了，很喜欢，值得推荐哦，手感很不错的,2018-03-04 10:16:35,0,0,5
1***p,PLUS会员,在这里买是绝对放心的哦！手机都在这买的,2018-02-28 19:22:14,1,0,5
S***r,PLUS会员,还不错吧，用用看，相信京东的服务和售后,2018-03-06 20:48:31,0,0,5
j***i,银牌会员,手机很漂亮，电池不错，很耐用，和描述一模一样，超级喜欢。,2018-03-07 20:58:39,0,0,5
安***夫,PLUS会员,很不错的一次购物，送给女朋友，女朋友很喜欢,2017-10-29 21:08:30,6,0,5
夜***拜,钻石会员,我第一次用苹果，还不习惯。不过是新机无疑！！京东购物值得信赖！！,2018-03-07 12:29:28,0,0,5
大***铭,金牌会员,非常好苹果就是好,2018-03-07 19:46:36,0,0,5
c***5,PLUS会员,纠结了很久，7p还是8p，最终还是选择了优惠比较大的后者。256的内存于我来讲有点大了，64的应该刚刚好。现在该存的都存了，下了好几个比较大型的游戏，还剩30多个g。之前一直用的金色系，白色的面板看久了有些腻，这次换了黑色的实在惊艳。周围的朋友并不推荐我买8p，我还是坚持自己的观点，玻璃背板很漂亮，性价比挺高，没拆就查了下序列号，未激活的，应该没问题。就是京东包装越来越简陋了，一打开盒子还磕了一角，好在机子本身没事。暂且好评，配送的工作人员也很好，后期使用情况如何会再来追评的,2018-02-02 06:29:20,10,0,5
老大37,PLUS会员,东西不错，京东的手机没问题，入网许可证都有，物流很快，服务很好。,2018-03-06 17:15:05,0,0,5
j***g,金牌会员,物流大哥很负责   手机挺好的   应该是正品,2017-11-03 21:19:25,6,0,5
卡***諾,钻石会员,这是在京东商城买的第四部iphone手机了，质量好，物流速度快！一直都非常信赖京东！手机运行速度快，价格也非常实惠！这次有点不愉快的是，快递员没有直接送货上门，而是把手机直接放入丰巢自提柜！希望京东以后加强员工培训，期待改善！,2018-03-05 11:00:28,1,0,5
云***恋,金牌会员,不错，很满意！,2017-09-29 18:12:44,12,0,5
黄***阳,PLUS会员,很好，屏幕感觉比之前的6更舒服一些，非常满意，配送速度也非常快，好评,2018-03-06 13:22:35,0,0,5
向上爬行的蜗牛,金牌会员,我是一直相信苹果的系统的，5s自发售买了以来用到现在，不是因为内存太小，还会用下去的（太穷是一方面）3.8晚上到，早上买的，这物流没的说。其次，机子，我是体验了一天，才来评价，首先是未激活肯定的，其他都还可以，其次，该说说缺点，第一，创新不是特别足与7相比，没啥明显变化，第二，电池依旧是毛病。其他的没啥可说。,2018-03-09 16:28:37,0,0,5
j***人,金牌会员,不管是硬件问题，还是系统什么问题，都是你们京东的问题，系统问题，为什么有的人系统没问题，有的有问题，我就活该遇到系统有问题的，才买4天，手机跟神经病一样自动重启了一夜，电量自己往下降，什么玩意，京东确实要倒闭了，从此不会在这上面再买一毛钱的东西！如果看到这条评论，希望能帮到那些想买的人！下面视频我会如实上传，京东屏不屏蔽，我就不知道了,2017-12-14 16:16:48,117,21,1
暗***歌,PLUS会员,很不错，给我的小三买的，送她她今天晚上估计要爱死我了，期待今晚我们的花好月圆夜！,2018-01-05 14:28:02,71,9,5
j***j,金牌会员,流批，，，刚买完降价两百，联系客服很快补了两百差价??????,2018-03-05 09:56:00,1,0,5
夜***歌,PLUS会员,物流很快，商家服务不错，手机满意,2018-01-22 00:43:36,2,0,5
黄***伟,银牌会员,手机收到了，京东发货速度就是很快，这次的送货员服务态度很好，手机现在也用上了，就是第一次用，注册ID有点麻烦，在朋友的帮助下一会儿就弄好了，苹果系统很好用，流畅，用几天看看,2018-03-08 17:52:30,0,0,5
j***0,金牌会员,非常不错，苹果果然没有让人失望！,2018-03-03 22:20:16,2,0,5
熙***父,PLUS会员,包装挺好，送货速度快，打开后看到机子确实有点兴奋，外观，性能都没得说啊！这次有优惠，不错！,2018-03-06 17:07:53,0,0,5
j***6,PLUS会员,挺好看，配送速度快,2018-03-05 14:13:12,1,0,5
鹞***子,PLUS会员,东西真的还不错，买的时候5199，两天后便宜了200。京东很顺利的退了差价，这点值得表扬。。。但是退差价要有两个订单截图，提醒一下大家。,2018-03-07 11:12:13,0,0,5
j***瞒,PLUS会员,十一月一号买的，昨天晚上12点半的时候手机突然出现屏幕卡住的情况，但是能够正常使用siri和锁屏，因为上传视频超出正常上传时间，所以看不到完整的一段，刚买七天就出现这种情况，我该怎么办呢？,2017-11-10 11:00:06,114,43,1
励***羊,金牌会员,昨天晚上拍的，今天早上9点到货，3．8节刚好送给我家领导，还不错,2018-03-07 15:00:16,0,0,5
丿***丿,PLUS会员,一代比一代牛，不过真的不习惯没有耳机孔，性能分辨率很强，游戏玩久了还是有些热的，不过不是特别热。很赞。,2018-03-06 22:50:02,0,0,5
j***k,金牌会员,五分好评，与5S相比大了不少，好用很多。京东发货很快，物流给力，头天买，第二天就到了。买电子产品还是用京东自营好！,2018-03-07 20:46:47,0,0,5
陌***你,银牌会员,第一次在京东上买手机，然后到底还是让我失望了，再也不敢在这上面买了，不是不相信京东，是不敢相信了，太让我失望了，不过京东售后还是可以的，换了两台还是有问题，最后还是退了,2017-10-10 14:19:49,122,46,1
jd_2785552417,PLUS会员,之前在**买的镜头里有灰，退了，在京东又抢一个，这把还是很靠谱，非常好。,2018-03-07 13:06:36,0,0,5
j***9,银牌会员,手机全新未激活。但是，不足的地方有两处掉了漆。一个在摄像头位置，一个在话筒位置掉了点漆。,2018-03-09 09:22:59,0,0,5
天***5,PLUS会员,刚买不久就这样了，玩游戏也不流畅卡卡的！一星都不想给！还没我泡过水，摔了几十次又修好了的华为好用！,2017-12-11 17:21:16,50,14,1
白***称,PLUS会员,"京东自营，苹果出品，国行正品，双十一活动叠劵满减后不到五千，比港版官网还便宜，不用预购、不用交关税，还有流量卡送，省心省力省钱，京东下单不到一天送达，物品新全，包装完好无刮损，试用一次激活，操作变化不大，无线充电功能暂时用不着，形状和6S基本一致，外观有些许变化，比6S重点，背面是挺漂亮的，相片声音效果和6S差不多，个人用PP助手备份还原，成功将6S数据导入Ip8,比电脑itunes备份还原快多了,暂时操作流畅，未有不良反应，电池确实比6S耐用一点未见有发烫现象，待试用一段时间后追评，支持国行，五星好评！.....",2018-03-09 12:30:00,0,0,5
j***n,银牌会员,手机不错，用起来顺畅，比之前用的iPhone5s好多了,2018-03-08 20:38:39,0,0,5
凡***9,钻石会员,在京东第二台苹果手机了，全新没激活的新机电池也是零使用,2018-03-06 21:26:39,0,0,5
135*****463_p,银牌会员,手机今天刚收到，手机不停的自动重启，间隔时间5-10秒一次，新手机出现这样的问题，给个说法！,2017-12-28 11:31:43,74,12,1
4***2,金牌会员,用了几天才评价，可以。但是，才几天就降价了，只能申请价保。好用啊，苹果很多细节比安卓好，不是吐槽，感觉以前用过华为p8用了不到两年卡死，尽管有人吐槽苹果升级系统变卡但是再怎么也有后续为消费者服务，也不会很慢。国产很多再模仿苹果黑苹果的，产品和服务却始终没跟上。,2018-03-03 01:04:41,1,0,5
m***5,银牌会员,一直比较信任京东，这次是真心失望！一个盒子8个角，基本没有完好的！手机不算贵重物品吗？分拣员丢来丢去没办法避免，但是居然用个袋子包装，而且从广州发到海南，都已经跨省了，这种包装就是京东品质？看看苹果官网的包装，都怀疑京东自营到底是不是官方授权的店！一颗星给iPhone 8的，金色的挺漂亮的！,2017-11-08 17:43:17,19,12,1
东***晨,金牌会员,"这款手机拍照效果特别好 特别是自拍还有闪光灯
 很惊艳！就是信号不怎么好 从来没有满格的时候
不知道怎么回事 希望改进",2018-03-08 11:07:13,0,0,5
t***8,PLUS会员,专门用了一个月才来评价，没出现什么问题，在京东买的第二台了，一如既往的好品质！,2018-03-01 17:02:22,2,0,5
j***-,钻石会员,手机非常好，F开头的郑州产的，总体满意，到手未拆封未激活，不过摄像头好像有一点点瑕疵，开箱后发现屏幕上有一点点灰尘,2018-03-07 12:35:55,0,0,5
u***a,金牌会员,我买的金色64g.买了不到一个月出现了卡机不动现象，关机关不上的，后来拿着去广州最大的实体店（正佳广场那边那个最大的苹果店）检测结果是imei码与序列号不匹配，（当时我和我同学都看到了售货员拿着机器的检测结果，但是忘记了拍照），意思是该手机是翻新机，找了京东上的手机卖家，卖家装听不懂让我解释什么叫不匹配，（聊天记录因为换手机只显示卖家的）后来联系了京东，京东要求手机取回检测，之后给我打电话说完返厂检测，我不同意说要退货，但是后来又告诉我说不用返厂，他们检测结果是序列号和imei号匹配，卡机原因是因为没有系统升级，呵呵，如果我说不匹配让我提交纸质证明，再后来把手机给我邮回了学校，当然实体店和电子商城本来就是竞争关系，不知道谁说的对谁说的错，后来同学告诉我即使是翻新机也没办法了，不知道翻新的是哪里，如果是次要部位还可以，如果是主板等重要部位那就完了，寿命肯定会大大缩水，所以这次经验给大家提个醒，检查手机真伪只看序列号是不行的，因为他们可以作假，也要看序列号和imei号匹配不匹配，如果不差钱的话最好在可信的实体店买，我花的5099在双十二买的，实体店贵八百，学生的钱也不容易，权当买个教训了。,2018-02-08 20:40:06,20,7,1
风不会丨停息,金牌会员,也就这样吧，不惊艳，希望可以用多久一点,2018-03-07 14:12:46,5,0,5
j***通,PLUS会员,手感不错，京东的价格比较实惠，希望京东的送货速度不要被*超过了,2018-03-04 13:44:44,0,0,5
阳***国,PLUS会员,看了很久终于入手了，外观漂亮，玻璃后壳手感很好。,2018-03-08 12:53:45,0,0,5
y***j,PLUS会员,大冷天下着雨 快递小哥这么晚还在送 辛苦了,2018-01-31 20:41:29,1,0,5
j***j,PLUS会员,使用几天正常就是接电话的声音有点不习惯,2018-03-06 22:10:11,0,0,5
天***肽,PLUS会员,很不错的配置，很好用，时尚。,2018-03-06 14:34:20,1,0,5
m***1,银牌会员,用了两天了，个人感觉很不错，手机外观很漂亮，深黑色很酷...以前用的深灰色，现在继续选择黑色。流畅度比我原来的小6快很多。续航能力也不错，基本上可以用一天，物流也挺快的。。。,2018-03-06 14:42:24,0,0,5
京东第一掌门人,PLUS会员,"第一点，为啥塑封是印有京东的logo的硬塑封，原封到底是什么样子的。
第二点，外面油腻脏呼呼的，也不知道到底经历了什么。
第三点，开封后，手机上有轻微的灰尘，黑色的手机看的很明显。前两天买的小米Note3也是这个样子的，是现在普遍的情况吗？
第四点，怎么验新机，求前辈们指路。",2018-03-05 10:08:52,0,1,3
一***工,PLUS会员,此用户未及时评价，系统默认好评。,2018-03-08 00:38:58,0,0,5
K***U,金牌会员,完美的行货，买给老妈的生日礼物，物流超快。,2018-03-07 23:56:22,1,1,5
第***羊,PLUS会员,一直在京东买东西  物流快 质量有保证  售后很给力  好的东西不用多说  京东品质值得信赖,2018-03-06 23:48:06,0,0,5
6***m,PLUS会员,很好，第二天就收到货了,2018-02-27 11:21:52,1,0,5
蔷***8,金牌会员,第一次在京东买手机，抱着忐忑的心情买的，没想到收到真的正品，用了几天了，很流畅，很顺手，京东自营信得过，完美,2018-03-07 13:10:51,0,0,5
j***宫,PLUS会员,送货速度还是很快滴。。。虽然8有很多和我想象不太一样的~整体还可以，送给老公的礼物。?,2017-10-02 00:51:49,1,0,5
j***d,银牌会员,我在苹果中国官网上查序列号，根本查不到，是不是翻新机，用了一段时间，不好用，卡，还没有之前的6S好用，会找时间再去专卖店查一下，确定是不是翻新机，真的无语掉了,2018-03-06 21:41:53,0,0,5
于***蓝,钻石会员,手机还是可以的，一开始的时候，会开不了机，后来充了电，充了两次电就好了，手机屏幕不大，跟苹果六一样大，但是，刚买了没几天，就降了400块钱，400块啊！肉疼死了,2018-03-07 06:38:02,0,1,5
汪***和,PLUS会员[试用],深空灰太好看了，大爱，相信京东的品质，也没有让我失望。其他电商和京东同时活动，京东虽然贵，但是还是相信京东。不后悔，很棒的一次体验。,2018-03-06 20:02:47,0,0,5
S***W,钻石会员,沉甸甸的、很有质感、手感也很好,2018-03-07 16:53:23,0,1,5
j***q,PLUS会员,"全新开封手机，外包装完好，然而打开后屏幕保护膜全是大块的灰尘，而且内盒也就是装充电器的位置有黑色印记和磕碰痕迹。

投诉到消费者协会的同时联系京东客服，让换一部手机，态度还算诚恳说12月底从apple出厂不可能有开箱可能。那我也不能解释为什么会有上述问题了。

更换手机已到目前未发现问题。但这事让我对京东自营贵重物品的质量有了疑问。

如果京东自营都和外面那些不入流的同流合污了，是中国企业的悲哀了。",2018-01-10 13:03:57,8,0,3
T***达,PLUS会员[试用],昨天晚上买的，今天上午就到了，物流真的快的无可挑剔，手机还行，续航一般，联系把后台刷新关掉，那样会好很多，屏幕显示效果很棒,2018-03-08 22:02:59,0,0,5
d***1,金牌会员,用着还可以，挺好的,2018-03-06 21:59:04,0,0,5
名***月,金牌会员,拍照效果不错，2月6号买的手机今天也用了一个月了，总体感觉很不错，比我原来的6快多了，就是当时5399买的，现在才4999，有点小伤心,2018-03-07 11:05:48,0,0,5
海***酒,PLUS会员,下着雪，快递员就给送来了，辛苦了。刚拆封，还没用，看外观还可以。京东的东西还是值得信赖的，期待以后的使用,2018-03-07 14:00:13,0,0,5
j***c,金牌会员,手机收到了，速度非常快。A11处理器再战2-3年没问题。,2018-03-06 20:23:17,0,0,5
游***戴,金牌会员,手机发烫好严重,2017-10-11 11:47:00,1,3,2
马***队,PLUS会员,收到后发现后背有瑕疵，急着用就没换了，是苹果品控不行还是快递途中出问题的？感觉应该是苹果的问题,2018-03-08 12:18:15,0,0,5
j***g,PLUS会员,续航能力有提升，显示效果不错看起来很舒服，拍照效果非常赞。快递速度很快，4999的价格也可以。,2018-03-07 10:30:26,0,1,5
jd_5742a261c3a4a,PLUS会员,原想给家人买个人像功能手机，今天2018.6.7号到到机激活才发现没人像，与客服沟通无法退货了，如有需要购买这款手机请速与我联系 广州朋友可以直接来我公司取 我这款是双网版64g 深空灰 4699元入手的 如有需要的朋友可以联系我微信zhangbufang，可以4599卖。,2018-03-08 01:07:02,0,0,5
V***D,PLUS会员,祖传八代长相。运行速度相对于前几部没什么大的提升，续航还可以，毕竟屏幕不大。要跟华为比起来的话就差远了买了稍微有点后悔，应该支持国货。,2018-03-02 14:28:45,2,0,5
j***3,银牌会员,这个颜色的黑，是我想要的，买一支Apple手机，让自己开心，记得多宠爱自己????,2018-03-08 13:37:39,1,0,5
香木堂茶业,金牌会员,还是挺不错的，哈哈哈哈哈哈哈哈！,2018-02-08 21:54:19,0,1,5
强颜欢笑尽是伤-,金牌会员,手机外观啥的还可以 电池续航也还不错  就是卡屏 闪退啊 我是昨天激活的 今天无意间还发现了一个问题 就是看贴吧帖子的时候 它自己往下跳  无奈了 新买的手机就这样 再用一段时间不得报废啊  只能穿一个视频  卡屏的就不传了,2018-03-06 12:38:07,0,1,1
海***5,金牌会员,流畅！买来用了两个月了 特别喜欢 安卓的系统没法比 4.7的屏幕对我的小手来说也刚刚好 而且感觉电也挺耐用的 各个方面都挺满意的 从此要粉上苹果了 我太会摔手机了 后面现在也是玻璃的更要好好爱护了 全屏膜和手机壳都是必备的 在京东买过好多部手机还买了电脑都没让我失望,2018-03-09 16:09:15,0,0,5
S***o,银牌会员,物流满分，手机很好，正品无疑，用了两天才过来评价的??????,2018-03-07 11:36:34,1,0,5
s***u,PLUS会员,不错，买后降价2次，申请价格保护都成功了。,2018-03-06 21:13:26,1,0,5
崔***涛,金牌会员,太坑了实话说，手机时不时就闪，闪完就黑屏，联系客服不理，卖的时候咋回消息那么快呢,2018-03-07 15:44:39,1,0,1
沉***然,金牌会员,手机看起来不错，我不知道怎么验证才是正品，开机按键那天边看起来不直！,2018-03-08 19:36:22,0,0,5
G***J,PLUS会员,还是这个实用点，哈哈，不追那么新的东西。,2018-02-14 11:52:33,1,0,5
j***4,PLUS会员,买来送给老婆大人的，手机不错，单手操作很方便，,2018-03-09 07:08:33,0,0,5
jd_晴转多云转雨,PLUS会员,很好，快递没得说，买电子产品，只信赖京东。,2018-03-09 11:19:14,0,0,5
b***生,PLUS会员,这颜色喜欢，而且系统流畅稳定，各方面的性能也好,2018-02-03 08:12:30,0,0,5
j***u,银牌会员,很棒，昨晚下单今天下午就到了，手机没有任何问题，五星好评,2018-03-07 19:01:30,0,0,5
李***8,钻石会员,老公给买的，已经在京东买了三个苹果手机啦，都是真品，很棒,2018-03-06 21:42:47,0,0,5
c***s,钻石会员,很好，一看就知道是行货，送货也很快，一天不到就送到了。,2018-03-06 13:31:27,0,0,5
1***p,钻石会员,手机就是好用！给苹果8点赞了！送货及时！服务周到！,2018-03-08 18:18:48,0,0,5
j***5,钻石会员,收到挺开心的，物流发货速度也快，第二天上午就到了,2018-03-09 16:59:49,0,0,5
j***8,金牌会员,第一次用苹果手机，流畅度确实比安卓手机好，是正版,2018-03-08 19:50:51,0,0,5
小***呀,金牌会员,续航感觉还是不行 总感觉还是耗电 拿到手感很好,2018-03-07 18:41:48,0,0,5
y***的,金牌会员,手机用着流畅度是很高，物流也给快，很给力。,2018-03-08 13:50:46,0,0,5
3***m,钻石会员,是原封新机，刚好京东搞活动再出手,2018-03-06 22:37:10,0,0,5
无***遇,金牌会员,信赖苹果，一如既往，顺畅，好用,2018-03-07 17:01:21,0,0,5
蜡***红,金牌会员,送货速度非常快，运行速度特别快，很漂亮，音质，拍照都很满意，很愉快的购物体检。,2018-03-05 17:32:29,1,0,5
我***的,银牌会员,正品   挺好用的,2018-03-07 14:47:53,1,0,5
一路向北000,金牌会员,终于下手的机子，包装精美，物流给力，果然是正品，很满意的一次购物,2018-03-05 17:40:39,0,0,5
园***长,PLUS会员,6sss进步的地方前后玻璃面板，手感很好，但是很滑不敢裸奔，买的套还没到只能小心点了，是新手机没买到退货,2018-02-27 20:24:30,0,0,5
小***丶,PLUS会员,最爱东东！论购物体验东东我心中的最强，没有之一！手机收到后验机为原装正品，2017年12月份郑州富士康生产，登陆AppleID通过同步，方便快捷跟没换机一样什么都不用设置。本次购物非常满意，祝愿京东越来越好！,2018-03-09 00:24:18,0,0,5
小***比,PLUS会员[试用],用下来还不错，没有什么问题！很好！??????????????????????????,2018-03-09 13:19:10,0,0,5
n***7,银牌会员,现在搞活动蛮好的 性价比不错 暂时用的也蛮好。新机速度也很快 稍有些不适的事 用了plus 再用8有点小,2018-03-06 21:47:28,0,0,5
登***者,钻石会员,送货神速，没发现什么不对的，好好好！,2018-03-06 16:38:28,0,0,5
去***手,PLUS会员[试用],还是原来的配方还是熟悉的味道。外观等一下都非常不错，其他的还需要用几天。,2018-03-08 23:26:04,0,0,5
一***梅,金牌会员,一个星期左右就降价了，买贵了，,2018-03-08 21:51:35,0,0,5
妮***喃,金牌会员,机身整体检查没什么问题除了静音键有一点点松，苹果的整体质感还是不错的，赶上京东活动到手4999跟香港差不多价了。不是特别懂手机，查了序列号和激活时间，就在到货日前一天。才知道原来不带无线充电器，晕～～要自己配！,2018-03-07 20:37:17,0,0,5
褚***丶,银牌会员,昨天中午拍的，今天中午到的，本来9点多就能到，看着快递员一直在一个地方不动，离我只有0.6公里，拿到手就迫不及待的拆包，真的不错，和7没有什么差别，有黑色的就好了，手机是未激活的，因为后背是玻璃的，拿在手里总感觉太滑,2018-03-09 15:24:24,0,0,5
j***m,PLUS会员,一直在京东购买重要物品，信任京东，期待更实惠，还有分期的活动！,2018-03-06 21:22:31,0,0,5
j***0,银牌会员,对京东依旧好评，不玩游戏 续航不错 相机宽容度一般够用，没啥了 看中便携性买的。,2018-03-09 01:23:43,0,0,5
m***1,PLUS会员,手机很好，京东就是速度，关键还差价补偿，好评！,2018-03-07 20:25:34,0,0,5
d***e,钻石会员,买8一只手用正好，64G作为男士也够用，性价比高，送货快，当天到。,2018-03-06 17:01:28,0,0,5
草莓不爱吃草莓na,银牌会员,是真品！！第一次在京东买手机，同学说京东自营可以信任！！！敲开心?手机也很不错，送快递的哥哥还很善良！听说我买的是手机让我注意看有没有缺陷，有问题再联系他！超级棒！物流也快！超级满意！,2018-03-09 20:24:40,0,0,5
j***a,PLUS会员,也不晓得咋个评价 第一次用苹果手机感觉还不错,2018-03-07 20:04:13,0,0,5
政***的,银牌会员,运行速度还行 就是有时候用自己流量时网不稳 用Wi-Fi时挺好的,2018-03-07 22:29:39,0,0,5
等***1,PLUS会员,手机全新，没毛病，比我那6快多了。终于又体会了丝滑了。高音甜，中音准，低音稳，总之就一个字，通透！,2018-03-07 13:49:37,0,0,5
f***你,金牌会员,外观挺好看的  运行也不卡 目前用起来还不错 没什么问题,2018-03-09 16:21:40,0,0,5
C***a,PLUS会员,屏幕很不错，给家人用的新春礼物，家人非常喜欢，赞一个！！京东的正品货又好，发货速度又快，好评！！,2018-03-08 13:01:06,0,0,5
M***宝,PLUS会员,目前还没发现什么问题。手感也不错?,2018-03-06 21:43:14,0,0,5
j***l,银牌会员,"苹果。质量差。质量差。质量差。质量差。质量差。不给维修。第一次买用不到几天几天屏幕出现裂痕   大家可以看看 十五天换货。 在哪里十五天换货 呢。去服务点开证明  不管是不是人为的都不保修。 硬件坏才保修。购买的要看好了。你们的玻璃屏幕。刚刚开始是看不出的。用了几天。材质有质量的问题。 有裂痕的小缝隙。大家看看。5888
元的材质。有问题不给处理  不是人为的。检测也说不出 怎么回事。换个屏幕要一千多。我想知道怎么算是保修。有问题还要自己出钱修。 叫保修吗？才用了几天。京东给个说法。 几千块钱买个教训。不给消费者处理问题。  黑字白字写着质保一年 都是得骗人。去检测 不是人为的。也不到怎么裂的。这样没法处理。 的是不是质量的问题呢？  是不是质量问题。是不是质量問題。是不是质量问题。 都是骗人的。 骗人的。骗人的",2017-10-19 18:25:35,119,18,1
叁***斯,PLUS会员,8给我最大的感受就是速度 无论页面操纵 打开链接 简直要比前几代兄弟快进的多 样子变化几乎一样喽 就是个快节奏 好用的纯电很方便了 总体来说进步很大 赞赞赞,2018-03-06 23:37:49,0,0,5
m***1,PLUS会员,一如即往的好用，以后有需要再买。,2018-03-08 11:15:57,0,0,5
竹***俪,金牌会员,还没开机激活，不过外表确实非常的nice,2018-03-07 23:54:29,1,0,5
B***C,PLUS会员,非常好，真的很好，值得拥有。,2018-03-06 20:53:30,0,0,5
杨***2,金牌会员,系统都无法更新？这就是京东？客服就会说等待更新等待更新吗？要你们有什么用呢？真的服了，最后一次在这里买手机，垃圾的一逼，你敢删了评论我就敢找客服，可以试试,2018-01-21 21:30:20,10,7,1
y***m,PLUS会员,速度快，没拆封！手感不错,2018-03-08 22:44:14,0,0,5
jd188053qps,PLUS会员,我想说这个手机真的很好的,2018-03-08 16:55:34,0,0,5
3***己,钻石会员,货收到了，物流速度很快,2018-02-28 17:25:37,0,0,5
F***s,银牌会员,一直都考虑要不要买iPhone。 然后看到便宜了点 就马上入手了。 物流也很给力。 机子没什么问题。,2018-03-07 17:11:33,0,0,5
j***a,PLUS会员,帮别人抢的，一直不喜欢苹果，垃圾,2018-01-20 14:04:44,1,0,1
李***-,钻石会员,物流很快，第二天就到了，五星好评,2018-03-07 14:16:08,0,0,5
H***y,银牌会员,是正品，比以前在实体店买的放心,2018-03-09 17:06:53,0,0,5
他***里,银牌会员,还行吧我觉得还是可以的很强势,2018-03-08 20:23:04,0,0,5
j***f,银牌会员,第一次在网上买手机，犹豫了好久还是选择了京东，京东也确实没让我失望，检查了一遍又一遍，电脑查了好几次，确定是新的，京东很给力，物流更是没得说，不到一天就到了，继续使用看看。可惜了王者荣耀只能重新打了，原来安卓系统的。郁闷,2018-01-31 22:44:13,0,0,5
1***1,金牌会员,物流很快，第二天就收到货了。,2018-03-07 17:54:16,0,0,5
梵***如,PLUS会员,拍照比手里的6SP好多了，可惜6SP摄像头抖动，不然还能用一段时间,2018-03-09 16:05:32,0,0,5
z***4,金牌会员,很不错很不错是正版 全新的,2018-03-07 18:23:52,0,0,5
j***g,银牌会员,运行不错，电池也挺耐用的,2018-03-09 09:01:48,0,0,5
j***r,金牌会员,苹果系统就是用着不习惯。,2018-03-06 12:31:04,0,0,5
小***想,金牌会员,运行流畅 速度快，满意,2018-03-07 20:23:26,0,0,5
j***d,PLUS会员,手感非常舒服，玻璃后盖就是不一样，运行速度非常快，系统稳定性好,2018-03-07 21:32:21,0,0,5
方***4,PLUS会员,因为不喜欢大屏手机，因为拿不稳，单手不好操作，不过iPhone的手机是不错的，这个尺寸刚好，本来一加的也行，就是屏太大了。,2018-03-07 13:26:18,0,0,5
妖***鹏,PLUS会员,手机不用说了，iPhone目前还是最好的智能手机，京东自营的产品都能保证品质，我的家电产品几乎都在京东上购买的，值得信赖。,2018-03-06 15:05:08,0,0,5
g***3,银牌会员,物流速度很快，第二天就到了，原本在头像是狮子的购物平台买手机花了六天时间，一直没给我送货，售后物流服务很差，还是京东给力。是正品，手机流畅。,2018-03-08 10:08:22,0,0,5
饲***丶,银牌会员,用了两天感觉还不错，电池一般吧毕竟不到2k毫安，用一天还是可以的。唯一不足的是背板有个地方比较脏，有些泥卡在后壳与玻璃之间。其余都还好,2018-03-06 18:15:31,0,0,5
j***0,金牌会员,第一次用苹果，不太习惯，慢慢适应吧！华为mate8用了两年了，换成别的挺失落的。但是华为新买回来就是反应慢半拍，比以前用的骁龙差一些,2018-03-09 21:13:24,0,0,5
Galaboy,钻石会员,深灰好看男人必备，前后左右无色差，低调奢华，已激活使用中，没发现任何问题，极致完美。手机就该这样子。国产好好学学，老拼套路有将来吗。,2018-03-07 20:17:08,0,0,5
j***n,银牌会员,速度快1天时间到 京东就是值得信赖 真货自营4999拍下 待续使用后追评,2018-03-06 17:08:04,0,0,5
jd_木子辛,PLUS会员,上部苹果P屏幕摔碎了，刚好换个小的，本来准备去香港买，刚好京东有活动，第一部有瑕疵，更换后还是不错的，买了2部,2018-03-08 22:13:12,0,0,5
x***2,金牌会员,指纹识别不太灵敏，第一次用苹果有点不太适应，另外，重要的一点千万不要买套餐 套装产品，否则不能价保，我买不到一周降价200多，唉……,2018-03-06 22:31:18,0,1,5
j***w,PLUS会员,手感比预期的好很多，和工艺品一样，从安卓过来的一天就习惯ios了，各个细节确实不错。就是自带的输入法不大好用,2018-03-07 12:12:22,0,0,5
j***4,PLUS会员,不用电信，所以双网通还可以。价格不如双11的时候。,2018-02-11 09:38:08,0,0,5
A***g,PLUS会员,很流畅，小巧适合单手操作，照相确实强的不像话，如果玩游戏还是8Puls，现在有点后悔入8了，但还不错！,2018-03-06 23:04:16,0,0,5
J***m,PLUS会员,挺好看的，也没什么损伤，就是因为急着买，没有等优惠。不过续航好像比较一般，先用着了，有什么问题以后再评,2018-03-07 09:33:53,0,0,5
J***了,PLUS会员,很好，不过，一直在用，可以，OK。不错。,2018-03-07 17:10:53,0,0,5
j***t,银牌会员,正版ipone。   相对于ip7速度有提升，但是不明显，IP7根这个差不多吧，都没开多久。，京东买东西一直很放心z,2018-03-08 20:13:27,0,0,5
j***m,PLUS会员,苹果8，双面玻璃，外形美观实用，漂亮,2018-03-07 08:42:59,0,0,5
B***l,银牌会员,讲真，之前一直听说8容易翻车，我还很担心我的会不会翻车，特意用了几天之后来评价，目前还不错，各方面体验都还很好?,2018-03-07 09:36:20,0,0,5
w***9,钻石会员,苹果的第代同一设计ID产品，这次帮同事买的，他是一个纯小白，第一次用这个设计的手机，很有新鲜感。物流一如既往的快！,2018-03-07 16:39:37,0,0,5
九***明,银牌会员,第一次买苹果，而且是在京东自营里面买的，买回来测了一下是正品，安兔兔评测，跑分20多万，等用一段时间再来追加评论,2018-03-07 00:49:37,0,0,5
丨***灬,金牌会员,刚用了一天，感觉还不错，续航能力感觉有点差。手机是新机目前没有毛病。发货速度没的说，很快第二天上午就收到了。,2018-03-06 17:03:53,0,0,5
j***c,PLUS会员,价格比香港便宜，原来打算去香港买，后来发现京东打折，所以买了，刚刚用，还没发现什么问题,2018-03-08 15:47:33,0,0,5
燃***d,银牌会员,说是京准达，当天到的，还是转天才收到的，不过送货师傅态度特别好，所以还是给五星好评，东西不错，是国行版。,2018-03-08 18:43:35,0,0,5
封***3,钻石会员,很漂亮，老公很喜欢??????......把旧的苹果6上面的软件照片等一键转到新手机上了，老公瞬间高兴很,2018-03-07 10:22:52,0,0,5
1***号,PLUS会员,手机收到了，老婆送的，收到手机的时候很激动，自己以前一直用苹果，从4s到6然后到8,2018-03-09 18:39:42,0,0,5
j***v,金牌会员,第一次买苹果老婆节日到了买来送老婆还不错,2018-03-08 09:26:43,0,0,5
j***n,PLUS会员,黑色比金色的手机显得屏幕小，有点不习惯，主要喜欢苹果系统不会卡，一如即往好评！,2018-03-09 15:23:17,0,0,5
9***n,银牌会员,不错 正在使用中 就是买了没半个月就降价的厉害，保价只有七天也是没谁了。自认倒霉 手机没问题就行。,2018-03-09 17:43:15,0,0,5
j***6,金牌会员,8的手感没的说，感觉以后我也成了果粉了,2018-03-07 10:15:06,0,0,5
h***韩,银牌会员,货还没到就买了壳，绝对一天到货，耳机转换头很棒，运行速度完美，电池不玩游戏正常用30小时以上，对我来说足够了，屏幕显示很棒，色彩绚丽，可惜就是没有人像模式。,2018-03-08 13:08:02,0,0,5
乡***息,PLUS会员,送货比约定的时间晚了几个小时，因为己下班，所以让快递小哥第二天才送到单位的！,2018-03-06 22:02:18,0,0,5
西***9,PLUS会员,买的第二个，给朋友用！买者用还不错！就是没什么小礼品赠送！京东这点不行！,2018-03-09 12:30:03,0,0,5
j***1,银牌会员,还没开始用不会黑色真的好好看，激活了半天也验证了确实是正品。等使用一段时间再来看看,2018-03-07 20:30:46,1,0,5
哦***的,银牌会员,挺不错的 用了两天了 没发现什么问题 也查过了 不是翻新机 大家可以放心购买啦 哈哈哈哈哈哈,2018-03-06 13:38:37,0,0,5
椎***s,金牌会员,手感很好。正品,2018-03-09 09:21:32,1,0,5
l***2,PLUS会员,不错 用了几天才来评价的   屏幕触感很灵活     是国航,2018-03-01 21:25:08,1,0,5
183*****867_p,银牌会员,昨天5点下的单，今天早上11点就送到了，包装简陋了点，手机正在使用，暂时还没发现什么问题,2018-03-09 19:05:44,0,0,5
s***n,PLUS会员,手机设计很漂亮，有点黄屏，电池续航不行，外观漂亮啊，手感好，运行顺畅,2018-03-09 15:06:48,0,0,5
w***1,PLUS会员,苹果老粉了，不管外观到系统！牛！jd销量也高！唯一就是价格变动太快！,2018-03-08 19:09:20,0,0,5
常***志,钻石会员,很不错 苹果的工业设计确实牛逼 不吹不黑 6S用了两年了卡的不行 就喜欢这种丝滑般的快感,2018-03-06 13:38:06,0,0,5
我***娜,金牌会员,用了两天了，物流很快，当天晚上下单第二天中午就收到了，质量没问题，第二次在京东买手机了！,2018-03-09 12:28:47,0,0,5
j***f,PLUS会员,iphone老用户了，习惯了ios的系统，已经接受不了安卓的系统了。,2018-03-06 13:11:01,0,0,5
j***7,金牌会员,时隔三个月买的第二个了，一如既往的爱不释手，但都不是给自己买的?????????,2018-03-09 02:48:30,0,0,5
称***赱,PLUS会员,质量很好，又是一个回头客。还会带朋友来。。(?????????),2018-03-08 12:01:37,0,0,5
j***8,金牌会员,激活把电池用干！晚上充满电！第二天待机一整天 用了百分之六！机器整体满意！无不良效果,2018-03-08 20:48:57,0,0,5
h***2,PLUS会员,手机还不错啦，之前用5.5的屏，现在用4.7的屏，一下子还没习惯,2018-03-09 06:51:29,0,0,5
j***Y,PLUS会员[试用],是正品未激活的物流也快系统是11.2.5的安兔兔203772分……评分能接受,2018-03-09 17:53:43,0,0,5
曾经的达斯,银牌会员,挺好的的，就是不知道为什么后面多出来一个划伤，不知道是不是自己搞的，其他的都很好。,2018-03-09 09:07:53,0,0,5
强***茶,PLUS会员,京东商城真是太方便了，越来越离不开了。自己接触到京东商城彻底放弃超市了，介绍身边的朋友们一起买起来。以前几乎没有认真评价过，不知道浪费了多少京豆，听说评论超过一百字送京豆，这个福利简直太棒了太赞很喜欢京东商城了! 超级赞。以后每条都认真评价下赚京豆，超值又方便。京东商城更是超级给力可以买到你意想不到的东西。天天没事就来逛逛逛，看到需要的就买买买，最喜欢买京东商城的东西,2018-03-07 20:30:39,0,0,5
D***-,金牌会员,挺好的，正品。,2018-03-07 20:23:18,0,0,5
郑***1,PLUS会员,不安逸。   又降价几百块。呸 下次不在京东买了     。,2018-03-07 17:03:16,0,1,5
X***弦,金牌会员,京东就是靠谱，第二天就到了，而且后来降价了，申请价格保护直接反了400块，赞赞赞,2018-03-07 20:57:50,0,0,5
舞***欢,PLUS会员[试用],表示真的可以、而且是正宗的、不是盗版的、4999买的还是可以,2018-03-06 15:27:13,0,0,5
j***0,PLUS会员,手机拿到后完美，没有坏点和瑕疵，还是相信京东自营的产品品质,2018-03-07 12:15:00,0,0,5
j***p,金牌会员,运行速度很快，比之前用的安卓手机反应快，但是感觉电池可能有点小，不是特别蓄电！,2018-03-06 13:16:54,0,0,5
j***兔,银牌会员,首先物流很快，非常准时就送到了，手机收到就是了一下，查了序列号，是正品，很灵敏,2018-03-06 22:22:33,0,0,5
j***w,银牌会员,今天才到的货，手机很不错，就跟商家说的一样，用起来很方便，京东自营的货，杠杠滴,2018-03-06 13:37:30,0,0,5
j***n,金牌会员,物流很给力，配送员服务很好！东西还没有拆开呢。应该不会差，京东的招牌在这么！,2018-03-08 10:18:29,0,0,5
A***乀,PLUS会员,很棒  第二天就到了   京东物流给力的很   棒棒哒,2018-03-09 19:12:04,0,0,5
z***4,PLUS会员,不便宜，京东超市总还比较放心，外包装不如苹果自己的安心,2018-03-08 11:10:59,0,0,5
j***g,PLUS会员,很好用，习惯了苹果，比较来比较去，还是觉得贵点的8合算,2018-03-08 13:44:11,0,0,5
H***生,金牌会员,质感很好 年前在京东给老婆买了个8P 年后又在京东买了个8 京东 值得信赖,2018-03-09 23:13:08,0,0,5
橙***天,PLUS会员,一如既往的好，京东值得信赖，是正品，速度快，非常满意！,2018-03-06 21:49:37,0,0,5
f***0,钻石会员,手机不错，以前用的6p，新手机果然流畅很多，待机时间也挺好的，买了无线充电器搭配使用很好。虽然不是底价，但是早买早享受，满意,2018-03-07 17:50:12,1,0,5
格***曦,PLUS会员,还不错，目前用着都没发现什么问题，继续关注。。。。。,2018-03-09 23:00:23,0,0,5
依***儿,PLUS会员,用了一段时间了。个人觉得还是不错的，就是为啥这么重！,2018-03-08 20:20:21,0,0,5
陈***子,PLUS会员,帮朋友买的，很满意，京东真的很棒，报价退了我200，,2018-03-07 17:48:52,0,0,5
留***她,金牌会员,电池续航能力有点差，不是想象的那么好，但是已经买了，但是没有那么多抱怨。,2018-03-08 14:44:22,0,0,5
婷***姐,金牌会员,不满意，买完后2周就降了400，奉劝亲们，一定要在过节的时候买电子产品！,2018-03-07 09:55:07,0,0,5
喃***囝,PLUS会员,买贵了，但是送货还是很快的，电子产品的价格太不稳定了,2018-03-07 13:27:02,0,0,5
1***p,金牌会员,过了一天收到的 京东就是快 价格也还可以 比不上双十一 不过也挺便宜的了,2018-03-07 18:14:22,0,0,5
f***扬,钻石会员,一般吧，买完就掉200，不想麻烦了，早知道现在这价格买8p了，先用着吧。,2018-03-06 18:22:39,0,0,5
e***s,PLUS会员,非常满意，送货和品质都很ok，一如既往地支持京东！,2018-03-09 11:00:11,0,0,5
m***i,银牌会员,官网查的序列号，应该是新机。第一次在京东买数码产品，用一段时间再来追评,2018-03-08 09:37:01,0,0,5
j***m,银牌会员,刚到手还行，没有发现划痕，查了保修，是未激活的，再用用看不知道怎么样。,2018-03-07 18:21:13,0,0,5
j***c,PLUS会员,很好的一个商品。用了之后感觉神清气爽。走路都带风了,2018-03-07 12:24:54,0,0,5
白***_,PLUS会员,还不错，苹果8出到现在买了3台了，全家人个个在用。,2018-03-06 13:59:57,0,0,5
梵***尚,PLUS会员,让朋友帮忙查了，是正品行货。非常满意的一次购物。,2018-03-08 00:16:08,0,0,5
j***n,银牌会员,曲面的边缘很不好贴膜 哎 其他还好 深灰色的很接近黑色 感觉颜色很酷,2018-03-07 13:46:38,0,0,5
j***e,PLUS会员[试用],查过了是正品，快递速度很快，没发现手机有什么问题,2018-03-06 22:50:03,0,0,5
晓***n,金牌会员,用了几天了，感觉挺好。乖巧，运行速度快！前一天下单第二天就收到货啦！,2018-03-06 21:33:41,0,0,5
妮***妮,PLUS会员,"全新未开封，激活后使用效果不错。
错过去年双十一活动有点遗憾。目前虽然小贵，只要手机正常即可，感谢卖家服务。",2018-03-02 07:41:56,0,0,5
凌***士,PLUS会员,反应快，有分量，总体感受不错。从6到8有提升。,2018-03-09 19:27:08,0,0,5
顾***8,银牌会员,东西很好 唯一一点 电池不是很理想  快递特别准时  包装太简陋了,2018-03-08 08:50:50,0,0,5
j***4,金牌会员,快递的送货速度很快，第二天就收到了，还有手机很漂亮，用起来很好用。,2018-03-06 20:50:11,0,0,5
小***T,金牌会员,非常满意，京东送货没得说，但总感觉iPhone8其实只是ip7s,2018-03-08 15:05:22,0,0,5
六***y,银牌会员,手机质量还可以，全屏黑色真的对我这种喜欢的人蹭蹭加分，好评先给了,2018-03-08 15:46:13,0,0,5
吕***女,PLUS会员,五星好评，支持京东，商品和物流都很赞。。。。,2018-03-07 17:53:18,0,0,5
吕***女,PLUS会员,五星好评，支持京东，商品和物流都很赞。。。。,2018-03-07 17:52:55,0,0,5
h***g,钻石会员,手机是正品，正在使用中，价格比刚出来的时候实惠了不少，值得购买！,2018-03-06 22:18:44,0,0,5
千***昏,银牌会员,电池不耐用，不过这是苹果的电池容量不够，京东的东西还是让人放心的,2018-03-09 16:51:59,0,0,5
j***k,金牌会员,东西不错，京东的手机没问题，入网许可证都有，物流很快，服务很好。,2018-03-06 18:15:10,0,0,5
迷***y,银牌会员,包装很精致，运行速度也还好，先用着看，就是刚买完就降价了。。。,2018-03-09 12:40:01,0,0,5
岑***光,钻石会员,从6换到8，感觉不是好了一点点，速度快很多了！果断上王者，哈哈,2018-03-09 20:52:56,0,0,5
小***Q,金牌会员,手机很好，运行速度非常快，唯一的问题就是标配龟速的5w充电头。,2018-03-08 00:34:09,0,0,5
贰***3,PLUS会员,送货速度依然是杠杠快！一直相信京东自营！,2018-03-09 16:44:05,0,0,5
惊***果,PLUS会员,速度非常快，价格也比较优惠，信得过京东。,2018-03-09 09:44:59,0,0,5
j***9,PLUS会员,还是习惯用苹果手机，做活动买的，还不错。,2018-03-07 20:13:36,0,0,5
驻***厅,企业会员,京东快递送货速度快，产品质量有保障，售后服务完善，信赖京东。,2018-03-07 17:41:21,0,0,5
C***忙,PLUS会员,不错。大小合适，和以前的大小一样，习惯了,2018-03-06 16:21:20,0,0,5
j***z,PLUS会员,东西不错，京东补了两次差价最后四九九九,2018-03-09 18:35:31,0,0,5
j***u,PLUS会员,不错的，京东物流真心好，快递小哥棒棒的,2018-03-09 11:23:25,0,0,5
o***8,金牌会员,运行还不错挺流畅，灰色大气，就是京东的纸箱太薄了，该升级了,2018-03-07 21:54:34,0,0,5
j***b,银牌会员,手机用起来还不错，是正品。没有发票，用一段时间再追加评论。,2018-03-06 23:02:16,0,0,5
3***5,钻石会员,应该是正品，用起来还挺好的，就是比iPhone7厚一点。,2018-03-09 10:01:28,0,0,5
n***y,PLUS会员,这个颜色太美了，高端大气上档次，大爱,2018-03-09 05:23:14,0,0,5
w***1,PLUS会员,原来用的就是这个手机，喜欢买多一台。,2018-03-08 15:00:40,0,0,5
x***8,银牌会员,买来查了下  没击活的。  应该是正品 早知道还是买X好,2018-03-08 16:03:31,0,0,5
j***6,金牌会员,搞活动买的，便宜了将近900，毫不犹豫就拿下了。非常满意,2018-03-08 18:57:27,0,0,5
y***t,PLUS会员[试用],挺好的 有点小瑕疵 很好用,2018-03-07 15:39:59,1,0,5
m***4,PLUS会员,还行，就是有时会死机，也不知什么问题,2018-03-06 20:14:26,0,0,5
静***子,PLUS会员,包装完好，送货也很快，不让人久等！,2018-03-09 22:27:35,0,0,5
D***话,PLUS会员[试用],虽然重了点，但是不碍事，老婆很喜欢,2018-03-09 22:01:04,0,0,5
江***丶,金牌会员,包装简陋，新手机正反两面居然有灰尘。呵呵?，二?东,2018-03-09 19:35:03,0,0,5
季***寞,钻石会员,运行速度快，手感很好。画面出彩。快递很快。用得很顺手。,2018-03-09 20:13:50,0,0,5
c***u,PLUS会员,物流很快，京东的电子产品不错，给力,2018-03-08 21:53:36,0,0,5
j***至,金牌会员,国行正版，价格还合适，因为我是5s直接换8，感觉好多了,2018-03-08 15:02:28,0,0,5
q***3,PLUS会员,一直想买，可价格太贵，现终于降价了,2018-03-07 19:59:41,0,0,5
l***2,银牌会员,用了快一个月了没发现有什么毛病，手机很好速度很六，大爱……,2018-03-08 09:26:34,0,0,5
j***e,银牌会员,还是挺不错的，电池能用一天，用了一段手机也没有出现问题,2018-03-06 15:07:41,0,0,5
S***1,钻石会员,好评先，价格比官网便宜，用起来可以，就是京东价格老是变,2018-03-06 22:37:50,0,0,5
j***2,钻石会员,物流很棒，当日到达。苹果8不用说了，用过的没说不好的,2018-03-09 10:57:52,0,0,5
d***0,钻石会员,正品有保障买的放心，京东物流第二天就收到，太给力了！,2018-03-08 20:12:23,0,0,5
j***d,PLUS会员,还不错，应该是正品，继续用用看吧,2018-03-08 12:42:43,0,0,5
z***2,PLUS会员,东西挺好，好不好的靠用后追加评价,2018-03-08 09:05:01,0,0,5
超***2,PLUS会员,还可以吧，苹果都玩的高大上的路线,2018-03-08 17:50:02,0,0,5
j***6,PLUS会员,挺好的快的速度很快 一早就到了,2018-03-10 00:26:14,0,0,5
j***y,PLUS会员,苹果手机就是好用，送给老婆的。,2018-03-09 09:23:14,0,0,5
5***2,钻石会员,外观很棒，处理器运行速度明显比之前的款式快，好评！,2018-03-08 20:17:06,0,0,5
守***夏,银牌会员,效果很棒，正品。就是降价太厉害了，哎，果然不保值。,2018-03-07 23:50:09,0,0,5
独***朽,PLUS会员,不错，值得购买，性价比很高。。,2018-03-07 19:45:09,0,0,5
L***Y,银牌会员,拿到手挺好的，用起来很不错，样子也很满意，性能爆表,2018-03-07 14:07:42,0,0,5
昨***去,PLUS会员,呜啦啦的，挺不错的，支持京东！,2018-03-07 17:35:48,0,0,5
琴***的,PLUS会员,很好很快很满意，物流超级给力、,2018-03-06 16:23:29,0,0,5
y***e,PLUS会员[试用],满意 正品 屏幕和运行都不错,2018-03-09 12:16:09,0,0,5
起***敏,银牌会员,东西很好，价格实惠，还可以保价，京东服务就是好。,2018-03-09 09:26:51,0,0,5
j***s,金牌会员,还行吧，就是分比其他人低点，有可能是系统版本原因,2018-03-08 22:30:24,0,0,5
j***4,银牌会员,快递速度好评，新机到手感觉还可以，用短时间再追评,2018-03-08 14:49:22,0,0,5
廖***煜,金牌会员,此苹果8不错，用了几天，就是太滑了，要去买个套套,2018-03-08 19:21:30,0,0,5
j***h,银牌会员,用了一天还算满意，再用一阵子看看有没有问题再来评,2018-03-07 18:19:46,0,0,5
旅***哥,金牌会员,这个价格调的也太快了吧 你让我们这些才买的怎么弄,2018-03-07 20:27:04,0,0,5
z***0,钻石会员,反应挺快的，声音有时有长音，有点破音，其他的还好,2018-03-07 13:08:26,0,0,5
J***s,金牌会员,手机整体都可以 但是刚激活就有点卡 不知道为什么,2018-03-06 13:25:53,0,0,5
办***子,PLUS会员,送人的，他很喜欢。我很高兴,2018-03-10 00:42:44,0,0,5
黄***i,金牌会员,能用，能用能用，快递很快。手机也可以。。。。。,2018-03-09 15:57:29,0,0,5
小***白,PLUS会员,东西不错，下次还会再来的。,2018-03-09 16:16:20,0,0,5
j***o,金牌会员,不错，之前的有问题  换货也挺快   还可以！,2018-03-09 13:56:45,0,0,5
C***m,钻石会员,东西不错，一次很好的购物体验，以后会继续购买。,2018-03-09 13:03:16,0,0,5
雨***猪,钻石会员,今天买 明天到 给力 价格也适合 不错 满意的,2018-03-08 17:24:21,0,0,5
购***器,金牌会员,原封包装！未激活！一切正常！比实体店便宜很多！,2018-03-08 17:01:59,0,0,5
j***a,银牌会员,刚拿到手，感觉不错，京东的物流很满意，两天就到,2018-03-08 16:24:22,0,0,5
乱***灬,金牌会员,手机真的很好，很好看 跑分21万质量都非常好。,2018-03-08 14:24:03,0,0,5
j***b,PLUS会员,用起来很好用的！物美价不廉,2018-03-08 11:41:53,0,0,5
z***g,金牌会员,其余都没什么的问题，就耳机第二天右边就不行了。,2018-03-06 18:36:52,0,0,5
A***4,金牌会员,收到手机后和现在用的6对比，如果戴个手机套，一般人真分辨不出是8还是6，很多朋友都问我为啥不换8p或者x，但手机自己用得顺手就行，所以我还是选择8，前后换成玻璃，虽然重了，但是手感更好，打开相机很快，拍出来效果也是有明显提高。无线充电这一项对我来说十分赞，现在已经买了三个无线充电器，房间一个，一楼二楼办公室各一个，超级方便。总体来说是比较满意的,2018-03-07 23:05:36,0,0,5
O***t,金牌会员,手机更新换代，还是6的感觉，有了更好的体验。,2018-03-09 15:18:09,0,0,5
花***流,钻石会员,用起来很流畅，手机很好，没毛病，京东大品牌！,2018-03-08 22:42:25,0,0,5
遢***板,钻石会员,物流速度很给力，用着也不错，以后就在这儿购物,2018-03-08 18:24:32,0,0,5
意***阁,PLUS会员,买来送朋友的，挺方便的！,2018-03-09 01:20:16,0,0,5
z***o,金牌会员,目前手机使用正常，无质量问题，用户体验很棒！,2018-03-08 11:00:55,0,0,5
y***2,PLUS会员,东西很不错，一直信赖京东,2018-03-07 21:25:53,0,0,5
j***e,金牌会员,哪个客服能不能回访一下，为什么没看见发票啊？,2018-03-07 22:02:10,0,0,5
冰***魔,金牌会员,外观无瑕疵 实际使用情况 用一段时间再来评价,2018-03-07 18:46:26,0,0,5
j***8,PLUS会员,给公司买的，性价比可以。,2018-03-07 10:45:48,0,0,5
天***楼,PLUS会员,拍照好，速度快使用方便。,2018-03-07 09:38:14,0,0,5
天***6,银牌会员,物流很快，手机是正品，各方面都非常满意，好评,2018-03-07 08:58:45,0,0,5
不***乐,PLUS会员,手机不错用的12期免息卷,2018-03-06 22:11:59,0,0,5
j***a,PLUS会员,很好，行货，物流也很快。,2018-03-06 18:09:36,0,0,5
飞***咯,PLUS会员,很好用  苹果就是号啊啊,2018-03-06 14:15:28,0,0,5
L***8,金牌会员,"一次糟糕的购物体验，开箱之后大概检查了一下，就激活了一下系统，后来把玩的时候才发现手机底部有损坏，不知道是当时的做工问题还是其他什么原因，后来跟客服沟通，客服一直说激活的手机是不能更换的，其实这一点我也很清楚，后来有差了一下手机的激活时间，应该是没有什么问题，跟实际激活时间相符，手机应该是正品，但就是这个瑕疵，心里总是不爽，十分的不爽。好在买的是黑色的，凑合用吧！一直很信赖京东，没想到会这样。不说欺骗消费者，但是一定负有责任，手机没有开箱怎么会有损坏呢！
 以此为鉴，希望广大的消费者在商品到手之后一定好好检查一下商品问题，最起码是外观上的问题。",2017-12-01 17:17:09,24,7,1
寂***魔,金牌会员,刚到家，就被我开车压坏了，修一下1800块,2018-03-09 13:10:26,0,0,5
为***冷,PLUS会员,货收到了，物流速度很快啊,2018-02-22 12:02:56,0,0,5
夜***界,PLUS会员,京東物流快，東西是正品,2018-03-08 23:33:27,0,0,5
海盗女,PLUS会员,屏幕还算大，分辨率清晰，现在才用一段时间，手机电池还可以，不需要经常充电，系统流畅,2018-03-07 22:13:54,0,0,5
j***l,PLUS会员,不错，快递服务态度也好,2018-03-06 19:46:07,0,0,5
l***孩,钻石会员,黑色确实要比白色好看很多，其他的就不多说了,2018-03-06 17:15:25,0,0,5
圈***5,银牌会员,外观精美，用起来非常流畅，割肾买的，哈哈哈,2018-03-06 14:44:27,0,0,5
你***呢,银牌会员,正品，不错，值得信赖，第一次买这么贵的东西,2018-03-06 13:12:16,0,0,5
邻***V,钻石会员,还可以，正在使用过程中，具体情况用过才知道,2018-03-06 12:29:53,0,0,5
只***坑,金牌会员,骚气，没毛病，这一坨就是五千块，6666,2018-03-09 23:15:53,0,0,5
糖***9,PLUS会员,活动力度大，很实惠。,2018-03-09 23:08:19,0,0,5
小***3,PLUS会员,没几天就掉价了。挺的,2018-03-09 13:09:00,0,0,5
1***7,PLUS会员,不错，还是苹果的好。,2018-03-09 10:19:55,0,0,5
爽***天,金牌会员,送货时间晚了几个小时  其他倒是没有问题,2018-03-09 15:11:05,0,0,5
0***-,PLUS会员,帮朋友买的，挺可以的,2018-03-09 11:14:59,0,0,5
186*****229_p,金牌会员,值得信赖，在京东买就是快，速度是没得说啦,2018-03-08 16:38:59,0,0,5
不***谁,PLUS会员,买了第二天降价，桑心,2018-03-08 12:47:13,0,0,5
j***h,金牌会员,手机正品，物流很快，手机正在使用中。。。,2018-03-07 16:06:46,0,0,5
1***p,银牌会员,手机很喜欢，一直信赖京东，配送也特别快,2018-03-08 23:08:51,0,0,5
轩***6,钻石会员,不错，，。。。应该是原装正品，先用用看,2018-03-08 10:22:20,0,0,5
曲***寞,银牌会员,手机不错，物流速度快，快递员认真负责。,2018-03-08 11:20:35,0,0,5
A***9,银牌会员,很不错，就是送货速度有点慢，第三天才到,2018-03-07 21:52:50,0,0,5
少***方,金牌会员,京东自营店就是好，就是妙，就是呱呱叫。,2018-03-07 19:52:27,0,0,5
j***l,PLUS会员[试用],用起来很爽。降价了也给我退了差价。满意,2018-03-07 12:42:20,0,0,5
亲***D,钻石会员,强大的功能，精美的外观，习惯了的产品，,2018-03-07 23:10:04,0,0,5
J***Q,PLUS会员,机器很靓仔，赞赞赞,2018-03-09 11:25:22,0,0,5
文***丶,金牌会员,一买就降价 桑心 还降了不是一星半点,2018-03-09 10:46:03,0,0,5
深***天,钻石会员,正品，手感质量没话说，关键玩游戏不卡,2018-03-08 13:41:33,0,0,5
绝***文,PLUS会员,行货正品，买的放心,2018-03-07 19:09:46,0,0,5
1***3,金牌会员,运行速度很快，屏幕很清晰，手感很好！,2018-03-07 22:09:40,0,0,5
j***z,PLUS会员,超级不错的一次购物,2018-03-07 19:31:45,0,0,5
j***7,银牌会员,手机用的很顺畅，没有别人说的那些毛病,2018-03-08 10:00:38,0,0,5
h***0,金牌会员,东西不错！刚买几天就降价200，不爽,2018-03-07 18:04:29,0,0,5
唐***物,PLUS会员,非常好下次继续购买,2018-03-07 10:00:05,0,0,5
s***9,金牌会员,手机不错，过年期间买的，时效有保障。,2018-03-06 20:11:45,0,0,5
n***o,金牌会员,不错哦，还是蛮喜欢的，不过没什么惊喜,2018-03-06 16:26:24,0,0,5
x***l,钻石会员,物流很快，包装很好，快递员服务还不错,2018-03-06 12:31:45,0,0,5
j***2,金牌会员,对象买的，不错，喜欢，就是屏太小了,2018-03-09 00:18:48,0,0,5
莲***8,金牌会员,很快就拿到了 用起来很流畅 还不错,2018-03-07 11:28:21,0,0,5
政***主,银牌会员,什么都挺好，要是有些小礼物就好了。,2018-03-06 20:50:03,0,0,5
z***8,金牌会员,机器不错 很快 不过没货耽误了几天,2018-03-06 15:01:21,0,0,5
j***f,银牌会员,才用几天 到目前还好 没什么问题,2018-03-09 22:33:57,0,0,5
等***情,钻石会员,深空灰色的 简直帅爆了，值得入手,2018-03-09 20:44:17,0,0,5
w***木,钻石会员,苹果手机，我是不会用，我支持国货,2018-03-09 16:13:06,0,0,5
j***l,银牌会员,手机不错 买数码用品还是信任京东,2018-03-08 21:51:24,0,0,5
l***0,金牌会员,还不错。深空灰感觉和黑的差不多。,2018-03-07 11:22:01,0,0,5
形***w,银牌会员,特别好，快递点赞，一如既往的速度,2018-03-07 10:07:31,0,0,5
j***h,银牌会员,好用，验证了，没有问题。物流满分,2018-03-06 20:45:17,0,0,5
V***K,钻石会员,手机应该是全新正品，配送速度很快,2018-03-06 17:02:36,0,0,5
童***睿,金牌会员,非常好用，官方正品，手感很不错,2018-03-09 13:45:07,0,0,5
x***1,钻石会员,满意，非常满意，不错，下次还买…,2018-03-09 21:29:22,0,0,5
喵***爹,钻石会员,感觉不错，挺好的，苹果还是耐用,2018-03-09 09:29:24,0,0,5
l***5,钻石会员,运行速度，设计方面等使用体验！,2018-03-08 19:56:41,0,0,5
l***5,钻石会员,运行速度，设计方面等使用体验！,2018-03-08 19:55:50,0,0,5
P***n,钻石会员,正品！买手机啊，还是相信京东！,2018-03-08 08:26:04,0,0,5
k***E,银牌会员,手机已到很不错第一次用苹果满意,2018-03-07 16:50:40,0,0,5
坐***猫,金牌会员,正品行货。挺好的。。。10个字,2018-03-07 11:57:30,0,0,5
j***1,金牌会员,电池是硬伤，一天有时要充电2次,2018-03-07 11:20:43,0,0,5
1***5,银牌会员,帮别人买的 挺好用的 挺流畅的,2018-03-08 23:45:58,0,0,5
jd_邓先森一种思,银牌会员,总体还不错吧，希望不要有小毛病,2018-02-28 23:05:16,0,0,5
馥***6,金牌会员,挺好的，手机用的也行，很喜欢,2018-03-09 17:57:47,0,0,5
j***6,银牌会员,挺好的是正品 用了很长时间了,2018-03-09 08:47:17,0,0,5
j***x,银牌会员,手机拿上了超满意，查了是新机,2018-03-07 23:17:15,0,0,5
j***脸,银牌会员,建议不要带壳子，那样会更好看,2018-03-06 14:12:33,0,0,5
航***长,银牌会员,东西还不错，暂时没发现毛病。,2018-03-06 12:37:55,0,0,5
z***1,银牌会员,送货员，态度好，我很满意！,2018-03-09 23:14:18,0,0,5
京***7,金牌会员,很好用，苹果性价比之最吧。,2018-03-09 20:42:06,0,0,5
我***哥,钻石会员,用了一段时间，赶紧很不错！,2018-03-09 19:04:28,0,0,5
j***o,银牌会员,给京东个大大的赞，什么都好,2018-03-09 12:45:55,0,0,5
j***5,金牌会员,正品，很流畅，快递也很给力,2018-03-08 16:45:34,0,0,5
j***7,钻石会员,屏幕艳丽多姿，续航给力不错,2018-03-08 20:24:42,0,0,5
j***s,银牌会员,隔天就到，未拆封，满分?,2018-03-08 15:33:24,0,0,5
j***z,银牌会员,手机Ok，比以前的五好用。,2018-03-07 22:18:29,0,0,5
爱***丿,银牌会员,好的，非常好非常好非常好。,2018-03-08 08:20:32,0,0,5
j***i,金牌会员,给长辈买的，长辈很喜欢！,2018-03-09 12:51:05,0,0,5
j***a,金牌会员,手机收到了 很好 ?！,2018-03-08 20:56:13,0,0,5
h***Z,银牌会员,买贵一点东西 都是上京东,2018-03-08 13:31:57,0,0,5
法***谭,钻石会员,非常好用，很喜欢，棒棒哒,2018-03-06 17:11:43,0,0,5
j***h,金牌会员,拍照效果很牛，外观完美。,2018-03-06 16:42:08,0,0,5
D***q,银牌会员,刚才收到货，明天给你评论,2018-03-06 16:39:54,0,0,5
w***m,钻石会员,快递很快一下就到了666,2018-03-06 16:29:23,0,0,5
j***u,银牌会员,外观可以，试用中，再评价,2018-03-06 14:33:43,0,0,5
秋***神,银牌会员,手机不错，没得说，就是贵贵贵手机不错，没得说，就是贵贵贵手机不错，没得说，就是贵贵贵,2018-03-07 10:34:37,0,0,5
j***m,金牌会员,速度快，电量续航时间长,2018-03-10 00:37:03,0,0,5
j***n,银牌会员,很好 当天拍 第二天到,2018-03-09 19:07:39,0,0,5
小***y,钻石会员,还可以吧，速度蛮快的！,2018-03-09 20:18:10,0,0,5
t***e,金牌会员,还可以，后续再追加评论,2018-03-09 08:57:01,0,0,5
j***張,PLUS会员,aaaaaaaa,2018-01-09 09:56:09,1,0,5
柠***油,银牌会员,还可以没发现破什么问题,2018-03-08 18:20:03,0,0,5
草薙222*****222222,银牌会员,你们外放音乐屏幕会抖嘛,2018-03-08 13:07:55,0,0,5
w***h,银牌会员,用了一个月了，正常良好,2018-03-08 07:21:55,0,0,5
j***6,钻石会员,手机很好用，分辨率很好,2018-03-07 15:51:12,0,0,5
宋***洋,银牌会员,非常喜欢跟苹果六差不多,2018-03-07 06:27:18,0,0,5
淡***淡,金牌会员,除了充电慢些剩下的都好,2018-03-06 16:01:13,0,0,5
v***1,金牌会员,给老公买的，用着不错！,2018-03-06 13:15:42,0,0,5
j***￣,金牌会员,我的手机用的很好没毛病,2018-03-06 12:46:13,0,0,5
你***购,金牌会员,非常不错，物超所值，,2018-03-09 17:51:50,0,0,5
c***6,钻石会员,屏幕不错，手机正品。,2018-03-09 16:03:40,0,0,5
有***树,金牌会员,正品行货 物流给力！,2018-03-09 13:05:22,0,0,5
Y***I,金牌会员,女儿买的喜欢的不得了,2018-03-09 19:40:00,0,0,5
j***u,金牌会员,帮朋友买的，挺好的。,2018-03-09 00:20:28,0,0,5
_***t,金牌会员,正品，全新，值得信赖,2018-03-08 11:56:45,0,0,5
h***n,银牌会员,暂时还可以，用用再说,2018-03-07 20:22:45,0,0,5
j***q,银牌会员,手机还可以，正在用。,2018-03-07 20:42:58,0,0,5
j***a,PLUS会员,好用、黑色的好看,2018-03-07 17:26:40,0,0,5
j***v,PLUS会员[试用],只能用完美来形容,2018-03-07 15:05:45,0,0,5
9***泊,金牌会员,买亏了自己 有点恶心,2018-03-07 16:11:34,0,0,5
亲***文,银牌会员,是正品，隔天就到货。,2018-03-07 08:57:38,0,0,5
琪***胖,金牌会员,不错   朋友很喜欢~,2018-03-07 09:14:46,0,0,5
尼***了,PLUS会员,帮朋友买的。。。,2018-03-07 00:25:42,0,0,5
十***八,金牌会员,降价买的???,2018-03-06 15:11:10,0,0,5
j***x,银牌会员,手机不错，以后再追评,2018-03-06 15:06:07,0,0,5
j***s,钻石会员,值得表扬的是京东报价,2018-03-06 14:50:52,0,0,5
z***3,金牌会员,发货很快 已经使用一周了 电池一天一充 晚上睡觉前充满 待机一晚早上电池还有98左右 希望电池能经用点 之前的果6就是电池有问题 天一冷 就自动关机 电池一天要充好几次 都要疯了 苹果系统和手感都是不错的 就电池 希望这次买的的好点 价格方便 没开学活动前几天买 价格不是很美丽 现在降价好多 不过这个也不知道的 好用才是正道,2018-03-06 20:13:25,0,0,5
憶***空,钻石会员,目前用起没得啥问题,2018-03-09 20:06:42,0,0,5
德玛西亚无敌匹敌,金牌会员,手感很好，物流很快,2018-03-08 16:48:09,0,0,5
1***6,PLUS会员[试用],正品，速度快，可以,2018-03-07 00:28:56,0,0,5
n***Z,银牌会员,感觉非常帅啊，很好,2018-03-06 14:30:25,0,0,5
王***e,PLUS会员,物流很快,2017-09-28 12:05:18,3,1,5
_***桃,钻石会员,很不错的东西，推荐大家采购，就是掉价掉的太快了，近期价格有点不稳定,2018-03-08 10:44:37,0,0,5
昵***谱,金牌会员,趁着降价买的，本来也打算买一个，正好刚上降价。全新未拆封的机器。,2018-03-07 14:48:11,0,0,5
星***梦,钻石会员,物流很快，包装精美，还没有使用，应该是正品，相信京东。,2018-03-02 21:50:01,1,0,5
差***Q,银牌会员,还可以，有点后悔,2018-03-09 20:24:58,0,0,5
j***帅,金牌会员,很好电池能用很久,2018-03-09 09:15:15,0,0,5
j***i,金牌会员,牛牛牛，就的好用,2018-03-09 08:55:52,0,0,5
V***p,银牌会员,收到货了，很棒。,2018-03-08 14:37:46,0,0,5
你***事,钻石会员,刚用，期待效果。,2018-03-07 15:16:11,0,0,5
l***d,钻石会员,大小合适 手感好,2018-03-07 10:26:15,0,0,5
到***买,钻石会员,使用了一段时间了……没有什么问题、唯一不满意的就是  闪光灯那里有个小黑点、 不过无所谓了,2018-03-07 23:49:02,0,0,5
j***i,银牌会员,哎，掉到水里一次,2018-03-06 22:27:35,0,0,5
j***e,金牌会员,等一段时间来评价,2018-03-06 13:02:01,0,0,5
水***子,PLUS会员,港版的手机了，有粤语siri选项。用是一样的用,2018-01-21 14:44:42,0,0,5
j***c,钻石会员,第一天用还不错。,2018-03-02 21:10:28,0,0,5
m***g,银牌会员,手机是正品，手机很好用，京东物流很快，客服服务态度不错 ，,2018-03-08 00:40:07,1,0,5
j***1,金牌会员,外观大气漂亮，快捷灵敏，媳妇很是高兴,2018-03-03 18:46:47,1,0,5
j***p,金牌会员,"晚上十点多下单，早上就拿到了。只服京东。
之前还有段插曲，在tm移动官方店下的单，催了3天不发货，气愤之极退了。
通过这次，更信赖京东的仓储与配送优势了。
加油！！！",2018-03-07 05:25:04,0,0,5
京***0,钻石会员,系统流畅，一如既往的好用,2018-03-06 17:17:45,2,0,5
晨***1,PLUS会员,之所以买多个原因，1.老妹手机6P16G，内存太小，想换手机，2.老爸手机反应太慢，老旧3.自己之前用的苹果7黑色，容易粘指纹显脏想换个金色！用过之后跟7没有变化，速度什么的感觉一样，手机壳可以跟之前的通用，6.7.8都是一个造型，8应该算是这个造型里最好的，所以……,2018-03-06 21:36:55,0,0,5
w***6,金牌会员,宝贝不错，用了几天评价效果还行。,2018-02-25 17:34:42,1,0,5
j***h,PLUS会员,送货快，质量好,2018-03-08 11:26:15,0,0,5
都***谎,PLUS会员,还可以，还没用,2018-03-07 08:35:05,0,0,5
J***7,PLUS会员,手机收到，不错,2018-03-07 00:33:22,0,0,5
养***帅,金牌会员,很好用 用着很流畅 非常满意的一次购物,2018-03-08 16:22:28,0,0,5
s***杨,银牌会员,挺不错的，快递还算可以,2018-03-07 12:48:10,1,0,5
j***7,PLUS会员,这是我在京东买的第三个i8了，京东的品质让我很放心。这也是我喜欢在京东上购物的原因之一，不管是售后还是质量都是其他最棒的。,2018-03-06 23:35:01,1,0,5
_***桃,钻石会员,快递很快，服务态度很好，很棒！！！,2018-01-17 22:32:12,0,0,5
D***兔,金牌会员,很好，一直相信京东自营,2018-03-08 12:54:50,1,0,5
Y***F,银牌会员,用了段时间不错,2018-03-09 14:12:30,0,0,5
笑***说,钻石会员,包装完整，真品,2018-03-07 11:01:13,0,0,5
刘***8,银牌会员,手机用的非常好,2018-03-07 10:35:34,0,0,5
j***1,银牌会员,还可以用着挺好,2018-03-06 21:16:53,0,0,5
j***l,金牌会员,刚激活，看着没什么,2018-03-07 22:24:20,0,0,5
5***g,银牌会员,手机没有问题。京东为啥不给发票咧？ （要买手机的朋友建议不要买苹果，  用了几天我感觉苹果手机不好用很麻烦。屏幕分辨率蛮低颜色也不好看。 不如买国产机。在不看看刚出来的三星S9感觉是目前最完美的手机。甩苹果10条街。） 建议望采纳。以上评论跟京东无关。,2018-03-07 21:08:46,0,0,5
会***5,PLUS会员,非常感谢京东商城给予的优质的服务，从仓储管理、物流配送等各方面都是做的非常好的。送货及时，配送员也非常的热情，有时候不方便收件的时候，也安排时间另行配送。同时京东商城在售后管理上也非常好的，以解客户忧患，排除万难。给予我们非常好的购物体验,2018-03-07 11:01:43,0,0,5
z***7,PLUS会员,给家人买的，还是比较相信iPhone品质的，应该不错吧。京东物流真的很好，晚上下单，第二天早上就到了。,2018-03-06 23:42:59,0,0,5
m***影,PLUS会员[试用],总体来说都可以 就是买过还没有一个月降价了 买的时候5399现在才4888 表示不能接受,2018-03-06 19:48:54,0,0,5
万***2,PLUS会员,一直在京东上买东西，非常不错，手机买了十几部苹果，非常好，但是这次买的苹果吧，总感觉包装不是特别好，不知道是不是真假，还是就是这样，其他都没问题，手机用了很不错，坚持也非常抗用，只不过屏幕稍微有些磺胺。,2018-03-07 16:36:33,0,0,5
j***g,金牌会员,我能说没有最好，只有更好么。这8真是屌炸天啊，唯一的感觉就是厚，带了厚厚的壳还是苹果8么？啊，忘记了，还有好多英文的操作是什么鬼，相机啥啥的不能整成中文的么。买的起8的人都天天念46级么。好吧，真是牛。等再便宜些再便宜些吧。,2018-03-08 10:31:59,0,0,5
黄***花,PLUS会员,苹果8手感快，运行快，拍照清晰，不过前置摄像头的还原度太高了吧?怀疑人生……,2018-03-07 15:50:50,0,1,5
a***g,PLUS会员,用了几天了，感觉还可以，4800买的。感觉很划算，还很方便。在官网查了。,2018-03-08 12:23:03,0,0,5
w***萍,银牌会员,东西都很好 但是一拆快递就很有意见 几千块钱东西的外包装竟然轻轻一撕就可以撕开 真的不费力,2018-03-06 20:49:05,0,0,5
何***行,PLUS会员,评价的时候已经比购入的时候便宜了，但是京东买已经很划算，五星,2018-03-04 10:28:41,1,0,5
j***u,金牌会员,手机物流很快，快递员心很细，唯一的不足是买的手机ID登录不上去，咨询的问没人给出解决方法,2018-03-07 23:18:24,0,0,5
x***9,金牌会员,用了一段时间才来评价，外观整体美观，手感舒适，电量足，耗电慢，运行速度快，值得购买。,2018-03-08 08:43:21,0,0,5
j***u,PLUS会员,满分好评给配送员，连续2次变更配送时间，直到等到我出现。挺感动,2018-03-06 01:04:44,0,0,5
-***-,金牌会员,续航和安卓机比不了，但是比5s要好得多，不追剧，不游戏，正常用一天没问题。双网对于非电信用户没区别，什么什么基带的，反正比5S信号好。和128的7纠结了一下，还是买新的吧，256的8价格太草蛋了。,2018-03-09 21:53:25,0,0,5
j***1,金牌会员,果机用是没的说！但是大年没过你大降价是闹哪样啊！不满！不满！看我表情！,2018-03-06 21:14:05,0,0,5
我是宇宇新,银牌会员,苹果官网查序列号，没毛病，实时激活，过程也很快，悬着一天的心终于放下了，一直用的5s，大小特合适，就是内存，电池不行了，选来选去还是觉得8适合我，用了半天，目前没毛病，不错，一次愉快的购物。,2018-03-07 19:46:34,0,0,5
丶***弦,PLUS会员,东西特别好，客服态度亲切，快递神速，支持京东！,2018-03-09 01:00:14,0,0,5
j***s,银牌会员,挺快的 好评,2018-03-09 14:04:09,0,0,5
jd151336bsw,银牌会员,到手了还不错,2018-03-09 09:55:22,0,0,5
会***非,银牌会员,挺好的是正品,2018-03-08 08:50:31,0,0,5
2***7,金牌会员,不错，是正品,2018-03-07 19:37:56,0,0,5
j***p,金牌会员,质量还可以吧,2018-03-07 17:08:58,0,0,5
刀***是,PLUS会员,快递很快，一下就到了，这个价格不错很好很喜欢,2018-03-07 19:14:43,0,0,5
开***想,金牌会员,目前用着还行,2018-03-07 05:19:17,0,0,5
星***心,PLUS会员,目前为止还好  没什么问题  用短时间在评价,2018-03-05 19:43:14,0,0,5
不***啦,PLUS会员,给老人买的，功能齐全，十分好用,2018-03-07 14:24:25,1,0,5
琪***3,银牌会员,刚用了两天，用的时候处处都小心翼翼的，结果还是有划痕了。不过送货速度倒挺给力,2018-03-08 08:53:04,0,0,4
m***i,金牌会员,虽然很多人在吐槽苹果8，但是到货的时候真的惊艳到我了，金色的手机加上粉色的保护壳真的好看到爆，而且手机上手好，操作流畅。。唯一的缺点是我买的5399，没过半个月就降到了4999。,2018-03-07 10:31:40,0,0,5
M***魂,PLUS会员,手机用着挺好，就是降价速度也太快了,2018-03-06 18:12:58,0,0,5
旅***人,金牌会员,京东速度就是快，手机好像有点小，不过是正品，很满意！,2018-03-07 19:10:17,0,0,5
j***j,钻石会员,还行，挺不错的，比之前降价了不少，信赖京东，送货超快,2018-03-07 10:19:08,0,0,5
j***4,金牌会员,物流超快，服务超好，给京东点赞，以后就在京东上买东西,2018-03-07 17:05:24,0,0,5
l***屎,金牌会员,幚朋友買的，很滿意，京東就是信心的保證，完全沒有問題,2018-03-07 12:26:45,0,0,5
夜***蓝,金牌会员,买来当生日礼物的   太及时了    京东快递牛逼,2018-03-07 23:01:51,0,0,5
f***t,PLUS会员,正品好用，建议加个壳，膜不用加,2018-03-07 07:47:53,0,0,5
g***0,银牌会员,完美的一次购物，以后数码用品只选京东了。手机很给力,2018-03-07 12:58:43,0,0,5
汤***侠,PLUS会员,查了序列号，是全新正品，不错,2018-03-09 16:48:04,0,0,5
轩***x,PLUS会员,手机不错，系统流畅，外观漂亮,2018-03-06 16:05:06,0,0,5
丶***弦,PLUS会员,京东的东西真心不错，物流也快，给十分,2018-01-05 23:00:47,0,0,5
R***v,金牌会员,价格老是在变动，不是过年要用就不会着急买，5399。现在4999，感觉有点坑。按键后背有点松动，调闹钟滑动时感觉振动声音更大，其它还好，感觉跟6没多大区别，将就着用吧。,2018-03-07 16:48:24,0,0,5
月***神,PLUS会员,想买小手机 也只能买苹果啦,2018-03-07 16:03:57,0,0,5
L***说,PLUS会员,东西很不错，期待下次购买。,2018-03-07 14:04:38,0,0,5
第***民,金牌会员,运行速度可以、比我之前的6快、电池感觉就那样、有时候还不到一天、,2018-03-07 10:40:47,0,0,4
s***n,钻石会员,公司年会准备的特等奖奖品，一如既往的支持,2018-03-07 12:33:05,0,0,5
j***c,PLUS会员,"质量非常好，非常满意,真的很喜欢，完全超出期望值，发货速度非常快，包装非常仔细、严实，物流公司服务态度很好，运送速度很快，很满意的一次购物",2018-03-06 18:02:33,0,0,5
思***你,PLUS会员,给女朋友买的，她很喜欢，我一直都很喜欢苹果，无论是从外观还是性能都没得说，买回来就打苹果客服查了，是原装正品国行，重要的是比实体店要便宜,2018-03-07 20:09:09,0,0,5
j***c,钻石会员,买了送老婆的 她超喜欢。很棒哟。,2018-03-07 11:49:07,0,0,5
E***n,金牌会员,此用户未及时评价，系统默认好评。,2018-03-06 23:35:24,0,0,5
j***2,钻石会员,"首先还得夸一下京东的退货服务，我自己买错了，之后申请换货，客服联系，上门取货，都非常赞。
这款壳是帆布面料，冬天用不冰手，买了一年的破损险，看质量如何了",2018-03-08 09:32:05,0,0,5
X***9,PLUS会员,"手机是正品，这点京东好像还是值得信赖，不爽的是买了11天，价格降了200,15天时又降了200，价格保护只有7天，我能认为是故意的嘛~~~~",2018-03-08 22:10:48,0,0,5
b***n,PLUS会员,刚开始换过来，感觉有点手，用几天后感觉习惯了，挺好的。这是第三个8了，自己一个，代朋友买了二个。不错的手机 ，就是外观没什么特色啊。,2018-03-06 21:34:04,0,0,5
j***g,金牌会员,给男朋友买的 他很满意 速度快,2018-03-09 08:15:49,0,0,5
j***g,金牌会员,很好用。,2017-12-20 01:06:20,24,8,5
w***b,钻石会员,用了一个多月，目前没有出现什么状况，也查过序列号，是原厂的。就是用过plus，再用小的，有点不适应！其他没什么不习惯的，用惯app了其他软件不习惯了。,2018-03-08 22:22:08,0,0,5
j***q,钻石会员,很好用，手感不错，速度也很快,2018-03-09 13:28:19,0,0,5
呦***o,PLUS会员,iOS11的系统，暂时还没有发现什么问题，都挺不错的，之前用的6，不知道是不是因为没升级系统就会卡顿，游戏也不流畅，不过8挺好的,2018-03-07 14:16:08,0,0,5
j***r,银牌会员,还不错，是正品，物流很快。,2018-03-08 12:01:21,0,0,5
潮***y,PLUS会员[试用],手机还行，5s换8。下单开纸质发票，结果货收到了没发票。说不给开纸质发票，给开电子发票。为什么下单的时候可以开。算是欺骗吧。,2018-03-07 11:29:54,0,0,5
木***礼,PLUS会员,第二次在京东购买iPhone，京东商城一直值得信赖，我买的空调电视都是在京东购买，售后服务好，物品正品，快递服务也很周到,2018-03-08 13:32:57,0,0,5
j***g,PLUS会员[试用],很不错  挺满意的,2018-03-08 13:22:22,0,0,4
w***8,金牌会员,手机没得说，很不错，玻璃面，拿起来爽滑，怕摔，被我武装到了牙齿，希望能用两年。就是降价太快，没几天就少200，感觉像买股一样，又买高了！,2018-03-08 09:57:18,0,0,5
6***l,金牌会员,目前还不错 是新机,2018-03-06 23:53:44,0,0,5
j***9,PLUS会员[试用],首先客服服务态度真的差，不问您在吗根本不理我，手机开机激活遇到联网问题不过跳过之后再注册id的时候就没事了总之还可以,2018-03-07 17:32:18,0,0,5
轻***伤,金牌会员,人生第一台iPhone，用习惯了安卓，真的很不适应苹果，总体来说还好，依然会有软件卡的情况，也挺费电的，但是充电蛮快的，其他都还好吧,2018-03-08 11:25:06,0,0,5
愤***锐,钻石会员,帮朋友买的，价格还可以，只是想要的银色没货，也没有赠品，支持移动联通的双网手机，赠品是电信体验卡，服了京东了，也不知道调整一下赠品！,2018-03-08 15:21:28,0,0,5
j***j,金牌会员,量非常好，与卖家描述的完全一致，非常满意，卖家的服务太棒了，考虑非常周到，完全超出期望值，物流发货的速度非常快，送件人员的态度非常好,2018-03-08 01:45:46,0,0,5
h***y,钻石会员,"买回来用了半个月，正品行货，质量很好，手感也相当不错，对得起这个价格
就是双面玻璃做得很光滑，平时要小心拿稳，碎了就亏大了。。。",2018-03-07 16:10:39,0,0,5
H***7,钻石会员,不错挺好用，不过有些瑕疵。,2018-03-08 21:38:17,0,0,4
魁***2,银牌会员,不错  用了几天才来评价的,2018-03-08 08:21:13,0,0,4
j***v,PLUS会员,颜色棒棒的，很好看  挺喜欢的   还在用   喜欢  颜色棒棒的，很好看  挺喜欢的   还在用   喜欢,2018-03-07 11:29:34,0,0,5
w***1,PLUS会员,"东西已经收到，京东快递送货一流，服务态度也很好，手
机用起来很快，做工问题还是可以，音质各方面都还可以！",2018-03-07 15:55:10,0,0,5
y***j,金牌会员,速度还挺快,2018-02-18 13:12:38,0,0,5
j***n,PLUS会员,手机挺完美，速度也蛮快 后壳美美哒 唯一不足的就是前面既然跟6S 7放到一块没简直一模一样！,2018-03-08 11:34:03,0,0,5
j***8,金牌会员,。店家非常好，打开后非常满意，比想象当中的要好，谢谢卖家还送了小礼物。全部评5分，如果有10分我分评10分的,2018-03-08 00:21:48,0,0,5
B***雷,银牌会员,玩了几天过来评论，不愧是苹果手机。价格挺合理，今天看了一下价格竟然遇上女人节又便宜了一百大洋。哎应该今天买的,2018-03-07 13:32:23,0,0,5
C***Y,PLUS会员,送给对象的！现在电池最多用一天就没电了！原本想买黑色的！可是黑色没有了！苹果像素就是好,2018-03-08 10:59:44,0,0,5
不***爹,PLUS会员,真的不想再买苹果了，这是人家叫买的，不是质量不好，而是真的不值。自己用的其实是oppo,2018-03-06 18:58:51,0,0,5
浅***生,银牌会员,一直忘记评价了实在不好意思！物流特别给力前一天晚上下的单第二天中午就到了！用了快两个月了，很满意！好评～,2018-03-07 15:18:30,0,0,5
买衣买鞋,PLUS会员,钻石Plus会员得到这待遇，失望至极，新出一部买一部，今年物流晚到一天一天就算了，这质量真是越来越差，边框有小瑕疵我也认了，这缝隙，尤其屏幕左下角那一片，注意是一片，不是一块或一点，这个售后电话处理也不了了之，这是逼着消费者去*啊！,2017-11-24 20:48:48,14,7,1
m***6,PLUS会员,一如既往的好！京东货源可靠，物流有保障，即使比某网贵了百来块，也还是决定在这里买,2018-03-08 13:23:54,0,0,5
j***h,PLUS会员[试用],挺好，电池量足，不用总充电，从5s换到8，感觉速度挺快！给自己一个3.8节礼物！,2018-03-07 20:06:35,0,0,5
j***1,钻石会员,机子外观很漂亮，手感很好，运行很流畅，指纹锁锁很快，价格很合理，大品牌质量和售后都有保障！,2018-03-08 01:41:05,1,0,5
k***k,PLUS会员,其实还是不错啦,2018-02-24 20:04:59,0,0,5
小***6,PLUS会员,123很结实 做工也很精细 谢谢老板 很细心包装的很好 下次再来多多给我优惠哈,2018-03-09 10:30:26,0,0,5
c***z,PLUS会员,外观设计跟之前的没啥区别.就是home健按起来感觉不一样..运行速度可以的..,2018-03-07 08:18:51,0,0,5
j***p,PLUS会员,用着还算挺不错的就是像素差了点，屏幕分辨率低了点，只能当单卡，速度还是挺快的。,2018-03-06 23:36:42,0,0,5
j***4,金牌会员,刚买了几天就降价了   一下便宜了好几百   有种上当的感觉  本来挺信任京东的   现在有点失望,2018-03-06 20:20:10,0,0,5
等***9,PLUS会员,"使用几个月了,感受也不小，第一次使用苹果手机。
1.整体感觉系统很流程，很少卡顿，卡顿原因也是后台开的东西太多，有时候相机会卡死。电池虽然很小，但是基本可以用一天。
2.系统现在还维持原厂自带版本，没有更新。11.2虽然说稳定，后期再更新吧。iCloud已经购买了空间，这样和iPad和电脑的协作性比较好，也避免了照片等文件丢失。
3.Siri使用体验一般，好多场景无法应对，答非所问。
4.买完就狂降价，而且灰色一直显示无货，无法申请价保，习惯了。说好的价保到11月底也并非全部兑现。",2017-12-19 07:01:02,2,0,3
0***f,PLUS会员,好几年一直都用苹果系统，其它的都感觉没有苹果顺手。一直在京东购买，值得信赖。,2018-03-06 21:10:18,0,0,5
夏***沫,PLUS会员,东西一如既往的好，捡货速度很快，基本隔天就到，东西是正品，快递服务态度好。,2018-03-07 06:34:54,0,0,5
c***7,金牌会员,外观好看，用了两周后评价一切正常。唯一的遗憾是apostore暂停服务无法下载和进行更新app,2018-03-06 21:04:12,0,0,5
孤***鸿,PLUS会员,苹果手机质量不用说，非常的不错，速度非常快，第二天就到了支持苹果支持京东。,2018-03-07 22:39:52,0,0,5
不***L,PLUS会员,还是4.7寸的好，一手握刚刚好，分量也是，很不错，加上壳膜就齐全了。,2018-02-04 13:57:06,1,0,5
淘***琪,PLUS会员,对比了一下，这款是最便宜的，开始还有些担心，收到后没问题，还是相信京东的,2018-03-09 14:19:23,0,0,5
y***5,金牌会员,期待的iPhone8，银色玻璃背板很大气，运行速度也很快。价格也很好。送货速度之快让人佩服。,2018-03-06 20:15:47,0,0,5
拼***护,银牌会员,我只收到了电子发票，但是买的时候勾选的就是纸质发票，抬头是个人，没有见到东西，不知道在哪里。,2018-03-07 12:11:28,0,0,5
j***a,PLUS会员,总体来说过的去，就是电池没以前的型号耐用，充一晚上的电，用到中午就没电了,2018-03-08 09:28:14,0,0,5
与***渊,银牌会员,第一台iphone手机 很好用 外观也没有什么瑕疵 买的是深空灰色 看着很帅 用着也很舒服,2018-03-09 18:30:03,0,0,5
j***1,钻石会员,机子外观很漂亮，手感很好，运行很流畅，指纹锁锁很快，价格很合理，大品牌质量和售后都有保障！,2018-03-08 01:41:39,0,0,5
刘***超,PLUS会员,降价速度好快，今天都4999了，亏了300多，不过机子还不错给亲戚买的,2018-03-07 20:04:37,0,0,5
果***王,PLUS会员,很好很强大，京东快递也很快，下雨天快递小哥也很给力，东西不错，京东加油,2018-03-07 11:08:54,0,0,5
j***8,PLUS会员,买的这款商品也很好用的，已经关注该商品了，京东品质有保证，还送货上门。,2018-03-07 17:29:43,0,0,5
Z***8,PLUS会员,不错已经激活了，全新的设计风格，一直很信赖京东手机基本上都是在京东买的,2018-03-06 19:28:26,0,0,5
j***x,金牌会员,发货速度非常快，包装非常仔细、严实，物流公司服务态度很好，运送速度很快，很满意的一次购物。,2018-03-06 17:23:16,0,0,5
a***u,PLUS会员,很好很好用，包装好，送货也快，东西质量不错的！包装也很好，东西不错的！,2018-03-06 20:55:54,0,0,5
b***h,钻石会员,晚上订货次日上午送到，京东的物流很给力。机器包装完好，速度快，外观漂亮。就是玻璃外壳怕摔,2018-03-07 00:01:53,0,0,5
j***5,银牌会员,总体来说非常的不错。宝贝和描述一模一样，非常的喜欢，朋友都说物有所值，比起实体超级划算。,2018-03-08 00:01:38,0,0,5
j***年,金牌会员,商品正货，用着顺手，好喜欢，快递员特别的好，因为有事，特意打电话早点送，特别快的就过来了,2018-03-07 15:48:59,0,0,5
j***g,金牌会员,未激活前本来想退货的，想想也就算了，感觉水果机越来越安卓化，买8跟7跟6其实差不多少，就是升级版，没多大变化，ios11刚开始用很不习惯，经常卡机，软件定位需要在无线局域网允许应用才能用，刚开始搞了半天才知道，电话最近通话新添加联系人不会显示电话归属地。去掉悬浮球，去掉左边按压，微信提示音千律一遍 硬伤没得更改，声音又小。双扬声器音质很差，屏幕有震动感，声音很大，可以跳广场舞。还是国产品牌机比较适合国人使用。以后再也不买苹果了，真没什么特别。,2017-09-25 22:32:02,161,44,1
7***8,PLUS会员,这是我在京东买的第6个苹果手机没有任何问题，京东自营店保证行货正品,2018-03-08 13:06:37,0,0,5
g***4,PLUS会员,用了两个月了，很好，没有问题，一直觉得还是苹果好用些，可能也是习惯,2018-03-07 08:22:39,0,0,5
灿***0,钻石会员,第二天就到4999入手 感觉电池很不耐用 不知道是不是哪里没有设置好感觉比小七费电的多,2018-03-06 20:41:25,0,0,5
j***1,金牌会员,包装仔细，完全没有破损，态度一流，有问必答的，很赞，值得推荐，5分肯定的，还会来买的。,2018-03-08 00:02:54,0,0,5
青***哭,PLUS会员,iPhone8买了三次了，京东买电子产品还是不错的，开会员挺划算,2018-03-08 00:43:08,0,0,5
q***e,钻石会员,手感很好，玻璃的背面颜值也特别高，拍照效果比6s明显更好，物流很快，总得来说特别满意,2018-03-07 08:38:16,0,0,5
海***生,钻石会员,用了这么久，现在感觉还不错。价格也还算可以吧，不到5000块钱，也是可以了。行货。,2018-03-09 14:20:16,0,0,5
j***a,PLUS会员,手机款式漂亮，系统流畅，价格也实惠，物流快，满意，京东值得信赖,2018-03-07 21:05:57,0,0,5
j***c,金牌会员,卖家真的太好了，有问题马上解决，不推脱，诚信的很，宝贝也很漂亮物美价廉。一百个赞?,2018-03-08 00:28:14,0,0,5
p***_,PLUS会员,不错，电池可以用一天，信号不错，照相清晰，只是价格降价太快了。,2018-03-07 19:24:09,1,0,5
乡***斯,钻石会员,还好吧，以前没用过苹果，只用过ipad，没感觉比我的红米好用多少，但愿能用很久吧。,2018-03-07 15:23:50,0,0,5
j***l,PLUS会员,"好。喜欢。很好。哈哈。下次再来
好。喜欢。很好。哈哈。下次再来",2018-03-07 16:03:03,0,0,5
飞***1,PLUS会员,不错不错，虽然比不上iphoneX，但觉得已经非常好了?！,2018-03-08 22:44:31,0,0,5
j***1,银牌会员,质量还好，不错,2018-03-07 23:04:14,0,0,5
d***m,PLUS会员,还好用吧，拍照清晰，一直是苹果的优点，软件用习惯了就喜欢了！,2018-03-08 19:47:50,0,0,5
轻***瓣,PLUS会员,宝贝收到 质量很好 发货快 包装的很仔细 价格实惠 服务周到,2018-03-07 15:40:41,0,0,5
夏***疑,PLUS会员,商品质量很好，很满意，配送速度快，而且快递专员态度也非常好。,2018-03-07 14:11:42,0,0,5
x***l,PLUS会员,一直是果粉，家里的手机都是苹果的，好用漂亮，京东可以放心购买,2018-03-07 11:16:41,0,0,5
j***0,PLUS会员,指纹识别很难用。其他还好，性价比算可以，给婆婆买的，够用了。,2018-03-06 16:29:17,0,0,5
j***a,金牌会员,很喜欢 挺好的 而且这么便宜 质量确实挺好的 想要的赶紧抢购吧 不要错过 给满分,2018-03-07 23:03:54,0,0,5
j***s,金牌会员,店家真的好的没话说，本身东西就好，假设有问题的话也不会逃避积极解决，真正的好卖家,2018-03-06 17:32:56,0,0,5
浆***奶,PLUS会员,小妹，还挺喜欢  ！小妹，还挺喜欢  ！小妹，还挺喜欢  ！,2018-03-07 10:05:12,0,0,5
小***i,PLUS会员,很不错的一次购物体验很不错的一次购物体验很不错的一次购物体验,2018-03-09 08:59:25,0,0,5
沐***r,PLUS会员,"使用正常,就是价格比低的时候高了点.过年急用,算了",2018-02-24 14:40:57,1,1,5
小***9,PLUS会员,京东速度最快，一直在京东购买，很好，很实用，很喜欢！买买买,2018-03-08 10:24:40,0,0,5
草***节,PLUS会员,宝贝收到 很不错 发货快 包装的很仔细 价格实惠 服务周到,2018-03-08 01:05:30,0,0,5
j***9,金牌会员,送货非常准时。在128G的IP7和64G的IP8之间，还是选了这个。,2018-03-08 01:01:51,1,0,5
j***x,金牌会员,运行速度确实快，拍照一般吧，毕竟不是用来拍照的.充电是快，但是感觉耗电也快，。,2018-03-05 18:11:49,0,0,5
j***e,钻石会员,机子外观很漂亮，手感很好，运行很流畅，价格很合理，大品牌质量和售后都有保障！,2018-03-08 01:19:47,0,0,5
j***e,钻石会员,机子外观很漂亮，手感很好，运行很流畅，价格很合理，大品牌质量和售后都有保障！,2018-03-08 01:18:34,0,0,5
一***五,PLUS会员,还可以吧，苹果产品就这样了。没什么惊艳的地方，系统不错。,2018-03-07 19:14:13,0,0,5
显***o,PLUS会员,真棒！真的，没说假话，你们信不信？哈哈哈哈哈啊哈哈哈哈哈,2018-03-07 11:39:05,0,0,5
f***g,PLUS会员,女朋友特别喜欢，萌萌哒美美哒么么哒的她用这款手机特别合适,2018-03-06 23:08:25,0,0,5
j***鸿,钻石会员,其他都还好，一把王者荣耀用了百分之十的电，不知道是多是少，等用久了再来评论,2018-03-09 08:07:27,0,0,5
j***w,PLUS会员,做工精细，运行流畅，高端大气上档次，物美价廉，值得购买,2018-03-08 11:50:19,0,0,5
天***一,PLUS会员,非常满意，购买方便，发货快，活动价很实惠，以后会常来的,2018-03-08 08:45:58,0,0,5
j***6,金牌会员,宝贝收到了，是我喜欢的颜色，卖家态度好，发货快，物流也给力，全5分，好评。,2018-03-08 00:40:03,0,0,5
炎紫龙,银牌会员,手机收到第二天，觉得不错，正品，没问题。配送的也很快，态度很好。支持京东。,2018-03-07 19:21:55,0,0,5
2***m,金牌会员,还可以，给女朋友买的，12期免息，真货没问题，苹果质量也就那样，没啥好说的,2018-03-07 15:04:32,0,0,5
y***5,PLUS会员[试用],很不错，很喜欢，运行速度很快。给个赞！一如既往喜欢苹果,2018-03-07 10:52:39,0,0,5
牛***卜,钻石会员,速度反应都很快，手感也好。唯一不足就是刚收货两天就直降400还保不了价！！,2018-03-07 00:16:05,0,0,5
f***a,PLUS会员,黑色的很漂亮，用习惯了就好，系统比较流畅，电池一般。,2018-03-09 10:33:32,0,0,5
情***哈,PLUS会员,质量很好。包装很好。卖家发货也很给力。下次一定再来！,2018-03-07 10:12:46,0,0,5
十***2,PLUS会员,质量不错，送货速度快，系统流畅，手感很好，家人喜欢,2018-03-09 17:52:27,0,0,5
你***我,金牌会员,开机运行确实比我原来的6p好用多了，唯一不太习惯的是关机充电没有显示了,2018-03-08 23:37:39,0,0,5
將***A,钻石会员,发错了颜色，然后手机很好，就懒得换了，建议检查一下捡货的师傅是不是色弱,2018-03-07 21:37:21,0,0,5
j***4,PLUS会员,外观非常好看，用的体验非常好，苹果系统闭源就是流畅,2018-03-07 13:49:59,0,0,5
二***G,银牌会员,手感和触感都很好哟，金色的外观颜色都很喜欢呢，很好用我很喜欢，大小合适,2018-03-07 09:38:29,0,0,5
M***o,PLUS会员,京东得手机一直值得信赖，苹果的品质也不用多说，五星,2018-03-06 16:06:23,0,0,5
小***购,PLUS会员,非常好的手机，全新未拆封，手机是正品，用着很流畅～,2018-03-07 00:38:34,0,0,5
j***e,金牌会员,评价稍晚了点，很漂亮，客服服务也好，总之质量很好，很喜欢，下次还会来的,2018-03-06 17:28:21,0,0,5
亦***5,钻石会员,颜值高，后壳是玻璃的，让我有了小心翼翼的心，还是最爱金属的。运行流畅。,2018-03-08 09:14:57,0,0,5
Y***8,PLUS会员,习惯性好评，买了送别人的，什么情况自己也不知道。,2018-03-09 18:51:23,0,0,5
小***公,PLUS会员[试用],用了一个月了，整体效果不错，电池?正品就是好。,2018-03-08 12:20:15,0,0,5
毛***5,钻石会员,刚买几天就降价，气死我了，京东的价格特别不稳定，?????,2018-03-07 20:47:56,0,0,5
C***T,PLUS会员,送老婆生日礼物，还没拆，应该不错吧，特价时候买的,2018-03-07 18:05:22,0,0,5
L***n,金牌会员,好像打开软件用，有时候有点卡顿，不知道是软件问题还是手机问题。。。。,2018-03-08 09:10:12,0,0,5
成***k,PLUS会员,很愉快的一次购物，质量好，价格低，物流也非常快！,2018-03-07 00:57:00,0,0,5
j***0,PLUS会员,全新手机  用的很舒服   相信京东  物流贼快,2018-03-06 22:28:45,0,0,5
4***妮,钻石会员,体验下苹果8，也找不到土豪的感觉了，过了玩机的年纪了，东东东西最满意,2018-03-07 13:59:02,0,0,5
猎***落,PLUS会员,物流超快，苹果手机用着非常舒服，而且比较安全。,2018-03-09 08:05:58,0,0,5
C***堂,PLUS会员,使用了一段时间感觉不错，白色的看起来非常大气。,2018-03-07 22:35:18,0,0,5
上***罩,PLUS会员,还不错，京东买了4个苹果手机了，还是挺放心的。,2018-03-06 23:18:19,0,0,5
k***1,PLUS会员,使用了几天，非常喜欢，便宜，再便宜点就更好了！,2018-03-06 17:58:22,0,0,5
x***7,银牌会员,买了几天就降价了……心累！还不能保价！ 手机挺好的，暂时没啥不好的地方……,2018-03-06 19:10:02,0,0,5
Q***6,PLUS会员,"很不错很不错很不错很不错
真的假的？
不是假的",2018-03-09 19:31:28,0,0,5
陈***g,金牌会员,很快就收到了，一直在使用没有什么问题。在京东买东西还是很放心的。,2018-03-09 12:51:50,0,0,5
猪***7,银牌会员,不爽的是买了没一个星期就降价几百块?其余都还好，目前用的很流畅,2018-03-09 21:00:40,0,0,5
q***5,PLUS会员,非常不错，机器很漂亮，iphone是手机之王,2018-03-07 11:50:20,0,0,5
d***e,银牌会员,物流很快！屏幕和运行速度看起来都不错，希望在我手里寿命长一点?,2018-03-07 08:22:06,0,0,5
今***C,PLUS会员,送货速度非常快 4699时候买的 感觉挺值得,2018-03-06 20:35:03,0,0,5
何***5,PLUS会员[试用],挺好用的，是新机，不是假的，硬件好，没有瑕疵,2018-03-06 23:49:36,0,0,5
L***-,金牌会员,手机是全新的 金色美美的特别好看 查看序列号是没有激活过的 好评,2018-03-06 21:38:48,0,0,5
东***多,钻石会员,东西不错，还没有用，应该还可以，用了再来追评^_^^_^^_^,2018-03-08 10:30:29,0,0,5
j***x,PLUS会员,最近价格降的挺多，不知道还会不会再降一些。,2018-03-08 09:12:51,0,0,5
6***g,金牌会员,第二次在京东购机了，8的背面玻璃要小心使用，电池勉强从早撑到晚,2018-03-08 09:28:16,1,0,5
卓***强,PLUS会员,京东快递给力，产品给力，价格给力，我肾还在,2018-03-07 10:44:02,0,0,5
砰***砰,银牌会员,嗯，春节降价力度挺大的，三周时间，与除夕比，再次优惠了300。,2018-03-07 12:24:27,0,0,5
7***朋,钻石会员,送货很快，宝贝没有问题，多次购买，很满意，下次有活动继续购买！,2018-03-07 11:15:45,0,0,5
j***8,金牌会员,店家服务很好，东西也相当不错，发货快，包装好，货真价实，好评。,2018-03-06 17:41:26,0,0,5
L***N,PLUS会员,情人节买来送老婆的，舍了血本，老婆超喜欢！,2018-03-06 23:00:14,0,0,5
王***易,PLUS会员,是正品，非常不错，过年期间送货也及时。。,2018-03-09 10:40:39,0,0,5
小***丿,钻石会员,黑色很漂亮,2018-03-08 19:20:02,0,0,5
-***梦,钻石会员,老公说喜欢,2018-03-08 17:36:40,0,0,5
j***5,钻石会员,挺好的手机,2018-03-08 13:27:20,0,0,5
s***e,PLUS会员,正常使用，又一次买了，一直都是一样的品质,2018-03-08 13:38:15,0,0,5
j***b,PLUS会员,东西还不错，物流速度很快，价格也很便宜。,2018-03-08 10:46:20,0,0,5
mjdXjyDgLlOu,银牌会员,我看是正品,2018-03-07 21:45:05,0,0,5
j***e,银牌会员,声音太小了,2018-03-07 22:02:42,0,0,5
j***9,钻石会员,还可以吧！唯一不满意的就是，买了没一个月又便宜了好400块，,2018-03-08 16:12:23,0,0,5
W***0,银牌会员,快递到楼下都不送上来，请问我在上班要跑到楼下去老板看到怎样想,2018-03-08 13:05:58,0,0,5
战***6,银牌会员,查看激活，正品，但是有个软件连不上网.作业帮连不上，日款得很,2018-03-07 22:34:56,0,0,5
大***远,PLUS会员,续航一般，速度无敌，画面清晰，充电太慢。,2018-03-07 15:15:02,0,0,5
j***g,金牌会员,……21天耳机坏了，正在维修路上,2018-03-07 20:54:58,0,0,5
j***z,金牌会员,卖家服务特别好，不过下次还会来光顾的，质量非常的好，给全五分,2018-03-07 19:15:35,0,0,5
桃***p,PLUS会员,新的手机用起来挺好的 顺畅 新电池就是好,2018-03-07 13:22:38,0,0,5
j***4,金牌会员,过几天就降价了,2018-03-06 20:20:05,0,0,4
D***y,金牌会员,很好的产品,2018-03-06 17:12:36,0,0,5
陈***7,钻石会员,大品牌，放心。,2018-03-06 16:02:08,0,0,4
R***o,银牌会员,一直觉得黑色是最好看的 就买了黑色 用起来很好 一直都用苹果,2018-03-07 20:04:01,0,0,5
j***l,金牌会员,宝贝质量很好呢，非常喜欢，卖家包装的也很仔细，物流也很给力!,2018-03-06 17:46:39,0,0,5
b***8,钻石会员,手机外观很漂亮，很喜欢，电池可以用一天！一如即往的喜欢京东。,2018-03-06 19:11:26,0,0,5
f***x,金牌会员,不错，电池可以用一天。手机质量很好。用了两个月了，没毛病。,2018-03-09 14:51:19,0,0,5
j***o,PLUS会员[试用],苹果手机，反正大家都懂了，没啥好说的。,2018-03-08 09:42:15,0,0,5
H***o,PLUS会员,手机坏了，京东物流就是快，当天买当天到,2018-03-08 09:37:59,0,0,5
d***6,钻石会员,用了几天才来评价，手感不错大小合适，唯一遗憾不是最低价入手,2018-03-07 15:31:34,0,0,5
布***9,PLUS会员,挺好的，相信京东的品质保障和物流服务！,2018-03-07 13:04:01,0,0,5
j***6,金牌会员,太喜欢没有抢到黑色，这个感觉更好着，现在正在摸索着了还不太熟悉等熟悉之后再来。,2017-11-24 19:46:54,2,0,5
j***2,钻石会员,很好用，非常满意，价格合适，质量不错，包装很好，物流迅速,2018-03-09 16:00:49,0,0,5
7***县,钻石会员,东南西很不错的哦，速度很快，一直在京东买东西，相信京东！,2018-03-09 21:55:57,0,0,5
w***1,PLUS会员,很好用，期盼好久了，终于到手了，满意,2018-03-08 23:48:34,0,0,5
筱***1,PLUS会员[试用],用了一段时间，感觉挺好的，没什么问题,2018-03-08 07:24:44,0,0,5
j***5,金牌会员,宝贝收到啦，质量不错，很喜欢。物流发货都快，卖家服务也好,2018-03-08 00:41:14,0,0,5
i***l,PLUS会员,好用值得一看哦！小伙伴们赶快来看啊！,2018-03-07 15:42:45,0,0,5
重***泽,金牌会员,年前买的，给老婆做情人节礼物，用了段时间才来评价，好评。,2018-03-07 19:56:01,0,0,5
帅***亮,PLUS会员,还行，但是才买2天就降价了,2018-03-07 14:10:08,1,0,5
木***g,银牌会员,第一次用iphone，整体还是很满意，物流很快，毕竟京d,2018-03-07 13:40:51,0,0,5
袁***0,银牌会员,非常满意这次购物，非常信赖京东，值得大家购买拥有，是正品,2018-03-07 22:35:53,0,0,5
N***0,钻石会员,暂时用着还可以，等过一段时间看看怎么样，一直在京东买东西,2018-03-07 07:53:44,0,0,5
高***o,PLUS会员,蛮好用的，跟男票一起换啦，开心开心！,2018-03-06 21:47:24,0,0,5
j***0,金牌会员,机子嘛，不错?就是物流慢！广州送广州要两天，也是头一次,2018-03-06 22:58:55,0,0,5
东***啊,银牌会员,手机不错 正品国行。黑色手感不错。双网的价格不贵挺满意的,2018-03-06 19:06:48,0,0,5
j***q,金牌会员,买的时候5300，现在只要4900，不厚道???,2018-03-09 18:56:24,0,0,5
j***e,PLUS会员,挺好的，用着没问题，很满意，满分。,2018-03-08 18:29:38,0,0,5
轻***光,钻石会员,一直选择京东，信赖苹果，确实运行速度快！买了好几部了！,2018-03-09 10:43:07,0,0,5
卡***姆,PLUS会员,用来换掉妈妈一直用的ip6，很满意,2018-03-08 08:24:18,0,0,5
m***7,PLUS会员,还不错，比超市便宜，下次还来购买！,2018-03-08 08:14:30,0,0,5
j***k,银牌会员,用着还行，就是刚买完没几天就各种活动，各种降价，不开心,2018-03-08 12:20:03,0,0,5
y***u,PLUS会员,手机很不错，很高兴的一次购物体验！,2018-03-07 16:56:04,0,0,5
果***G,PLUS会员,外观设计一贯的简洁，系统运行流畅。,2018-03-07 16:25:27,0,0,5
手***0,PLUS会员,做工也好 摸上去手感很好 我很喜欢,2018-03-07 12:23:44,0,0,5
z***n,PLUS会员,手机很漂亮，打电话验证了一下是正品,2018-03-06 19:33:48,0,0,5
h***9,PLUS会员,手机刚到手，还没用，期待没有问题！,2018-03-06 16:29:45,0,0,5
二***车,银牌会员,宝贝用起来还可以，就是送来的什么都没有，只有耳机数据线,2018-03-06 19:38:21,0,0,5
王***甫,金牌会员,手机不错，第一次买苹果手机，不管怎么样，还是很好奇的。,2018-03-07 07:01:17,0,0,5
j***t,PLUS会员,收到了就开机了，体验了一下感觉很好,2018-03-08 13:13:42,0,0,5
j***o,金牌会员,客服态度好，真是物美价廉，物流也很给力，我还会光顾的,2018-03-08 01:47:53,0,0,5
j***1,金牌会员,很喜欢哦，跟卖家聊天很开心呢，有什么问题都一一解决了,2018-03-07 23:45:05,0,0,5
刘***人,金牌会员,手机到手很快，第一次用苹果，很多功能还不会，慢慢学会,2018-03-07 13:01:59,0,0,5
严***正,PLUS会员,还行，手机很好用。买的第二台了。,2018-03-06 22:36:18,0,0,5
y***6,PLUS会员,质量好，很满意！物流速度也挺快！,2018-03-06 16:45:44,0,0,5
j***4,PLUS会员,质量还是不错的，智能手机功能强大,2018-03-06 17:51:22,0,0,5
j***7,金牌会员,很喜欢哦，跟卖家聊天很开心呢，有什么问题都一一解决了,2018-03-06 17:50:44,0,0,5
流***1,PLUS会员,手机买后还未拆箱，等拆箱后评价,2018-03-08 10:17:11,0,0,5
j***e,PLUS会员,还可以吧，给我爹当老年机用的。,2018-03-08 11:44:47,0,0,5
j***7,金牌会员,客服很好，无论是服务态度还是产品介绍都很详细周到，,2018-03-08 00:42:29,0,0,5
y***1,PLUS会员,光泽度好 还有芳香味 我很喜欢,2018-03-07 11:56:54,0,0,5
j***a,PLUS会员,产品非常好，物流很快，包装完好,2018-03-07 12:29:30,0,0,5
j***l,PLUS会员,物美价廉 送货速度快 值得信赖,2018-03-07 10:03:21,0,0,5
H***C,PLUS会员,手机不错，用着很顺手，速度快。,2018-03-06 16:44:55,0,0,5
双***门,PLUS会员,东西好的，，京东还是可以的。。,2018-03-03 16:13:37,0,0,5
J***n,PLUS会员,两个礼拜，降了两百，我很郁闷,2018-03-07 20:27:35,0,0,5
j***a,银牌会员,东西很不错，我非常喜欢，包装也很严实，物流给力了,2018-03-07 23:47:15,0,0,5
h***o,PLUS会员,物美价廉，品质优良，信赖京东,2018-03-07 20:42:40,0,0,5
Z***5,银牌会员,前天下单，昨天收货，今天care+生效，非常好！,2018-03-07 14:48:04,0,0,5
z***1,钻石会员,很赞！我是京东忠粉。就是白条额度能给我提高就好了,2018-03-07 14:20:52,0,0,5
P***e,PLUS会员,用了蛮好的，充电快，续航久。,2018-03-07 09:28:18,0,0,5
r***3,PLUS会员,不错啊，京东活动时买很实惠。,2018-03-07 10:10:58,0,0,5
狗***书,银牌会员,使用后效果不错，没有卡顿，手机没有划痕，手感很好,2018-03-07 18:30:06,0,0,5
梦***7,PLUS会员,手机相当不错，超级喜欢，大爱,2018-03-07 01:26:49,0,0,5
z***4,PLUS会员,设置账号出现麻烦，其他都可以,2018-03-06 20:19:19,0,0,5
冥***客,金牌会员,不错不错，价格也可以接受，手感很好，外形也很美观,2018-03-07 10:00:54,0,0,5
q***a,银牌会员,比我的6s爽多了！再用用再说，外观很漂亮，很喜欢,2018-03-06 22:23:31,0,0,5
静龙107,钻石会员,宝贝收到了，物流很快，卖家服务很好，还会继续光顾,2018-03-06 16:25:21,0,0,5
s***l,PLUS会员,手机还是很好的，送货很快。,2018-03-10 00:30:27,0,0,5
9***5,银牌会员,物流相当给力，买给内人用，评价很棒，速度超快！,2018-03-08 10:07:09,0,0,5
j***1,金牌会员,以后还会再来买！买家很好，很愉快的一次购物哦！,2018-03-07 23:39:17,0,0,5
何***仙,金牌会员,5199入手，没想到，一个星期后掉价200，唉……手机还行，没问题,2018-03-07 12:48:40,0,0,5
r***3,PLUS会员,不错啊，京东活动时买很实惠,2018-03-07 10:12:56,0,0,5
j***1,银牌会员,给个好评！早就要买的！刚好有优惠！就咬牙买了！,2018-03-06 20:44:25,0,0,5
大***花,PLUS会员,挺实用的，而且价格也实惠。,2018-03-06 16:50:34,0,0,5
j***c,金牌会员,是我喜欢的类型 店家服务超棒！到货很快 好评！,2018-03-06 17:19:48,0,0,5
国***8,金牌会员,"感觉还好,相比7系列没多大提升,不是果粉看不出区别的",2018-01-18 09:28:15,0,0,5
寒***彻,金牌会员,之前的手机坏了，第一次用苹果，用了几天还不错,2018-03-09 20:41:20,0,0,5
j***2,银牌会员,相当满意，电池很耐用，上手也很舒服！太满意了,2018-03-09 11:33:41,0,0,5
A***g,钻石会员,苹果手机果然没有让我失望，支持苹果，支持京东,2018-03-09 21:50:15,0,0,5
-***-,PLUS会员,东西非常不错，应该是正品,2018-03-08 12:22:46,0,0,5
j***3,PLUS会员,还可以。价格真的很便宜哦,2018-03-08 00:23:51,0,0,5
美***3,PLUS会员,这个价格很划算 非常不错,2018-03-07 17:58:44,0,0,5
t***2,PLUS会员,挺好的，一直在京东买东西,2018-03-07 09:09:28,0,0,5
j***4,金牌会员,没色差，跟描术的一样，大爱，一次愉快的网购。,2018-03-08 00:15:19,0,0,5
凹***候,钻石会员,京东值得信赖，送货快，已经不知道是买第几个了,2018-03-07 11:36:50,0,0,5
j***d,银牌会员,应该是正品，拍照效果好，成色没得说，物流很快,2018-03-06 23:50:15,0,0,5
D***Y,PLUS会员[试用],刚买没几天就降价了。伤心,2018-03-06 17:59:07,0,0,5
0***6,金牌会员,感觉买手机还是需要apple care的，,2018-03-08 16:29:00,0,0,5
j***z,银牌会员,用了好久来评价，真的非常好，正品，放心购买,2018-03-08 10:58:31,0,0,5
上***尔,企业会员,送货很快  京东的物流一如既往 东西也很好,2018-03-07 16:33:25,0,0,5
j***c,PLUS会员,不错，蛮好的，发货快！,2018-03-07 07:52:28,0,0,5
游***8,PLUS会员,给力哦  很喜欢哈哈哈,2018-03-07 00:56:32,0,0,5
j***2,金牌会员,物流很快，东西是正品，性价比很高，五星好评,2018-03-06 16:05:31,0,0,5
枧***子,金牌会员,宝贝收到不错，和图片描述一样，大小正合适，,2018-03-06 17:27:23,0,0,5
华***松,PLUS会员,东西很好，我非常喜欢,2018-03-09 22:17:14,0,0,5
大***啊,PLUS会员,效果非常棒，操作流畅…一直用苹果，显示艳丽。,2018-03-09 20:57:46,0,0,5
j***0,金牌会员,外观美丽，送货一般！质量还要等用用才知道,2018-03-09 16:04:53,0,0,5
j***f,钻石会员,手机不错的，买了不会后悔，可惜买错颜色了,2018-03-09 14:21:46,0,0,5
蝶***馨,银牌会员,外观设计精美   手感舒服，续电时间长，,2018-03-08 13:00:38,0,0,5
j***e,金牌会员,物流速度快，包装很好，质量很好！发货快！,2018-03-07 23:34:54,0,0,5
j***4,金牌会员,物流速度快，包装很好，质量很好！发货快！,2018-03-07 23:30:00,0,0,5
j***0,金牌会员,大爱！漂亮的颜色，发货时间快，服务超级好,2018-03-08 00:19:49,0,0,5
j***k,银牌会员,挺好用的，价格也划算，很多功能还在研究中,2018-03-07 20:45:23,0,0,5
j***f,金牌会员,宝贝收到了，太惊喜了，很漂亮啊，图颜色正,2018-03-08 00:28:38,0,0,5
j***c,金牌会员,还不错，第一次用苹果的很流畅，有电子发票,2018-03-07 11:40:41,0,0,5
j***),PLUS会员[试用],宝贝到手，发货速度、物流超级给力，就是自营店不送配件（钢化膜、手机外壳护套）显得不够大气！,2018-03-07 10:27:46,2,0,4
j***8,银牌会员,手机手感比较舒服，运行比较快，非常满意。,2018-03-07 13:53:08,0,0,5
b***1,PLUS会员,物美价廉，值得购买。,2018-03-06 16:38:26,0,0,5
s***g,金牌会员,刚买没几天就降价了，不开心，其他没问题,2018-03-08 22:38:09,0,0,5
j***9,金牌会员,不错质量很好。做工也比较细致，很满意。,2018-03-08 00:38:28,0,0,5
j***g,银牌会员,是正品，手机还可以。用一段时间在追评。,2018-03-07 13:59:42,0,0,5
j***l,金牌会员,质量挺好的，速度好快的，下次还来你家买,2018-03-08 01:44:42,0,1,5
今***还,钻石会员,价格实惠，送货挺快的包装完好，性价比高,2018-03-07 12:25:52,0,0,5
j***h,金牌会员,手机是正品，第一次用苹果手机有点不习惯,2018-03-07 01:18:38,0,0,5
月***子,金牌会员,手稿不错，8p太重了，8屏幕就差不多了,2018-03-06 20:51:36,0,0,5
j***m,PLUS会员,很好用，系统很顺畅,2018-03-09 12:54:23,0,0,5
蓝***兔,金牌会员,给老人买的 用着还不错 感觉比x好看,2018-03-09 10:20:09,0,0,5
jd_137200ldv,银牌会员,目前没有硬件损坏，但是信号不是特别好,2018-03-09 10:15:17,0,0,5
j***b,银牌会员,色差比较小 性价比很高，物流速度快呀,2018-03-08 00:26:52,0,0,5
j***v,PLUS会员,超级不错的一次购物,2018-03-07 19:14:57,0,0,5
賎***剑,金牌会员,很好的产品，物流也超级快，好评！！！,2018-03-07 14:52:24,0,0,5
l***p,金牌会员,东西正品，就是苹果质量没以前让人放心,2018-03-07 13:27:20,0,0,5
z***8,钻石会员,原装正版，未有瑕疵，京东自营值得信赖,2018-03-07 12:25:40,0,0,5
j***3,金牌会员,电池比6s用的时间长，有可能是新机吧,2018-03-06 20:35:22,0,0,5
市***记,钻石会员,给我姐买的，我没看到，不知道好不好，,2018-03-06 17:00:55,0,0,5
m***s,钻石会员,公司测试用手机 这个手机么 不解释了,2018-03-06 17:20:22,0,0,5
为***冷,PLUS会员,货收到了，物流速度很快,2018-01-19 12:26:58,0,0,5
小***1,钻石会员,感觉不错，价格也很公道，值的购买！,2018-03-09 08:45:43,0,0,5
z***1,金牌会员,物流很快，怎么我觉得我买的有点小贵,2018-03-08 18:26:55,0,0,5
-***y,金牌会员,很好看，手感不错，我还是比较喜欢的,2018-03-08 11:38:55,0,0,5
j***y,金牌会员,卖家包装得很仔细，一点破损都没有。,2018-03-08 01:46:51,0,0,5
j***3,金牌会员,质量不错，很喜欢！会推荐朋友来买的,2018-03-07 23:31:24,0,0,5
x***9,钻石会员,正品有保障，选择京东就是图多快好省,2018-03-07 20:33:25,0,0,5
f***y,银牌会员,机器完美，不过第二天就摔了一个角。,2018-03-07 19:24:52,0,0,5
糊***9,钻石会员,都还不错！京东的物流一向都很满意！,2018-03-07 17:34:27,0,0,5
深***玲,金牌会员,用了几天，整体感觉不错，没什么异常,2018-03-07 13:08:09,0,0,5
l***7,钻石会员,不加照片算不算晒单，给不给京豆呢？,2018-03-07 02:59:26,0,0,5
B***g,钻石会员,是正品，机子速度很快，防水效果很好,2018-03-06 19:29:00,0,0,5
n***8,钻石会员,蛮好的，希望质量可靠，目前一切安好,2018-03-06 18:50:21,0,0,5
兔***F,银牌会员,物流很快  手机是正版 用着很顺手,2018-03-06 17:30:57,0,0,5
j***p,银牌会员,可以。买来有一个月了吧。用了可以。,2018-03-06 20:29:56,0,0,5
m***2,金牌会员,手感不错，运行速度开始感觉好慢啊。还有这个价格降的也忒快了点吧……,2017-11-27 12:43:29,0,0,5
神***手,钻石会员,正品，速度快，很好。快递超级赞！,2018-03-09 20:49:54,0,0,5
完***哎,金牌会员,很好，还没查，但是肯定是国行正品,2018-03-09 19:09:50,0,0,5
c***_,金牌会员,此用户未及时评价，系统默认好评。,2018-03-09 22:23:47,0,0,5
小***_,银牌会员,正品用着很顺手，很开心的一次购物,2018-03-09 17:08:56,0,0,5
e***k,金牌会员,质量还不错 和描述的一样 买值了,2018-03-08 20:22:22,0,0,5
落***鸡,钻石会员,挺好的手机，手感不错，漂亮，正品,2018-03-08 17:14:07,0,0,5
不***-,钻石会员,不错，挺满意的一次购物。。。。。,2018-03-08 09:22:08,0,0,5
加***卡,银牌会员,此用户未及时评价，系统默认好评。,2018-03-08 08:51:50,0,0,5
j***e,金牌会员,收到宝贝很惊喜哦，包装非常的好看,2018-03-07 23:22:07,0,0,5
q***5,钻石会员,很漂亮，轻巧纤薄，一如既往的好。,2018-03-07 12:02:30,0,0,5
C***0,钻石会员,京东一如既往的给力，价格物流都好,2018-03-07 09:26:00,0,0,5
坚***菇,金牌会员,帮朋友买的，朋友说用起来很好用。,2018-03-07 16:28:28,0,0,5
北***凉,金牌会员,用了几天了，京东上卖的，很信用，,2018-03-07 10:27:44,0,0,5
起***2,金牌会员,安卓转苹果，果然很舒服，哈哈哈。,2018-03-06 20:36:11,0,0,5
g***t,金牌会员,正品，未激活，一如既往信任京东！,2018-03-06 17:05:29,0,0,5
B***t,金牌会员,此用户未及时评价，系统默认好评。,2018-03-06 17:22:12,0,0,5
j***p,钻石会员,用着挺好的，物流也超快，喜欢喜欢,2018-03-06 16:51:59,0,0,5
w***7,钻石会员,用着感觉不错，只是又又又降价了……,2018-03-08 11:22:55,0,0,5
j***n,金牌会员,物流很快，拍照效果很好，喜欢。,2018-03-08 11:21:06,0,0,5
n***9,银牌会员,速度挺快的，买给妈妈的，挺满意,2018-03-08 10:02:40,0,0,5
V***英,钻石会员,外观漂亮手感舒服，性能太好了。,2018-03-07 21:26:30,0,0,5
j***m,银牌会员,物流快，快递员态度好，手感不错,2018-03-07 13:16:45,0,0,5
苦***2,钻石会员,挺好的，活动买的，价格比较划算,2018-03-07 15:30:01,0,0,5
天***的,钻石会员,一直在用，一直很好，送货很快。,2018-03-07 10:47:28,0,0,5
j***c,金牌会员,电真的超级经用！物流真的超级赞,2018-03-07 20:49:24,0,0,5
郭壮GZ,钻石会员,产品已经使用，正品，物流很快,2018-03-09 20:11:07,0,0,5
w***2,钻石会员,还不错，性能稳定，应该是正品,2018-03-08 21:36:42,0,0,5
护***丶,银牌会员,原装正品，手感不错，可以买。,2018-03-07 22:16:03,0,0,5
j***9,钻石会员,价格很优惠，物流快，非常喜爱,2018-03-07 10:30:15,0,0,5
我***炸,金牌会员,可以，京东的手机没让我失望过,2018-03-07 08:03:44,0,0,5
s***i,金牌会员,还可以吧，没问题的，可以用的,2018-03-07 16:32:30,0,0,5
a***7,金牌会员,就这样摆在这里，好的就是好,2018-03-10 00:25:35,0,0,5
j***f,银牌会员,还行吧，使用中，没发现异常,2018-03-08 11:18:35,0,0,5
j***x,银牌会员,手机用着还可以，应该是正品,2018-03-07 22:33:30,0,0,5
z***菊,钻石会员,好看，快递真心没的说，喜欢,2018-03-07 18:48:16,0,0,5
来***5,金牌会员,正在用，到目前为止非常好用,2018-03-07 16:11:12,0,0,5
j***e,金牌会员,老婆用着还行，没什么问题！,2018-03-06 19:55:03,0,0,5
j***7,银牌会员,挺好的，还可以，希望好用,2018-03-09 22:32:33,0,0,5
j***嘎,钻石会员,买回来基本上没怎么用过，,2018-03-08 13:18:10,0,0,5
2***福,金牌会员,应有的性能，应有的样子。,2018-03-09 14:40:55,0,0,5
小***超,银牌会员,手机满好用的。用着很流畅,2018-03-08 10:25:16,0,0,5
j***0,钻石会员,质量很好，下次还会购买。,2018-03-07 20:39:57,0,0,5
j***e,金牌会员,买了就降价，我也不多说了,2018-03-08 00:54:55,0,0,5
m***w,钻石会员,一如既往的品质，便宜好用,2018-03-06 21:08:35,0,0,5
j***k,金牌会员,手机收到了，还没开始用。,2018-03-06 20:27:32,0,0,5
h***正,金牌会员,快递很快，东西也非常满意,2018-03-06 18:14:45,0,0,5
蒜***苗,钻石会员,手机很心水，灵灵灵！！,2018-03-08 10:37:00,0,0,5
你***糖,银牌会员,还不错，暂时没发现问题,2018-03-08 12:22:38,0,0,5
j***2,金牌会员,老婆很喜欢，店家很耐心……,2018-03-07 22:40:35,0,0,5
d***8,金牌会员,用的感觉还不错，物流快,2018-03-07 20:35:51,0,0,5
原***啊,银牌会员,还不错，。。。。。。,2018-03-07 23:52:36,0,0,5
M***妳,PLUS会员,一如既往的好用。,2018-03-07 17:40:28,0,0,5
w***e,PLUS会员,水果迷表示很满意,2018-03-07 14:56:45,0,0,5
j***l,银牌会员,挺不错的！反应速度快,2018-03-07 14:01:40,0,0,5
j***1,PLUS会员,手机流畅，性能好,2018-03-07 10:08:16,0,0,5
二***久,PLUS会员,一直用苹果，满意,2018-03-07 09:56:38,0,0,5
一***8,钻石会员,手感，屏幕都很喜欢！,2018-03-07 05:49:19,0,0,5
滕***福,PLUS会员,很好用，下次再来,2018-03-06 21:45:08,0,0,5
q***3,金牌会员,京东原封，快递给力！,2018-03-06 19:54:14,0,0,5
航***技,企业会员,不错不错，非常满意！,2018-03-06 17:07:43,0,0,5
N***6,钻石会员,给老公买的，很喜欢,2018-03-08 20:57:55,0,0,5
j***p,金牌会员,没问题，感觉挺好的,2018-03-08 13:40:16,0,0,5
姝***y,钻石会员,信赖京东，买几次了,2018-03-08 13:35:55,0,0,5
御***南,金牌会员,不错，原装正版的！,2018-03-07 17:29:18,0,0,5
等***6,金牌会员,给儿子买的，刚收到,2018-03-07 12:10:19,0,0,5
明***姜,金牌会员,买完降价了，比较坑,2018-03-07 07:50:55,0,0,5
萌***神,钻石会员,特别棒 啥也不说了,2018-03-06 23:07:51,0,0,5
j***d,钻石会员,还不错，值得购买！,2018-03-06 22:10:30,0,0,5
j***3,银牌会员,用不来啊，有点麻烦,2018-03-06 18:47:54,0,0,5
丨***凉,金牌会员,用了俩天评论的喜欢,2018-03-06 21:05:08,0,0,5
无***w,银牌会员,本来对京东抱着非常非常大的信心，无论速度还是配送人的态度都非常好，但是对于产品质量真的是非常失望，先是第一个手机屏幕发黄上下颜色不一样，然后联系售后确实换了个新的，但是这个新的我想说的是同样有问题！静音键一边高一边矮，尾插口部位有一小块碰伤，最让我受不了的是尾插螺丝掉漆了！是被拆过吗？要不是急用手机我肯定再申请退货，我想听到个说法！这到底是怎么回事？是出厂就这样？还是后续人为拆开过？能不能给消费者一个交代？不考虑再在京东买东西。,2018-01-03 19:52:27,15,3,1
j***0,金牌会员,给同事代买的……具体体验我很喜欢p,2018-03-08 09:05:33,0,0,5
张***暄,金牌会员,外包装的封膜是这种简易的，按你们说的你们京东有两个包装，好的，可以。我从苹果3就开始用，现在用的X这个是送我老公的，京东上我买过最少4部苹果，连8P都在京东买的，所以很相信你们，我也没仔细看外观就开始导数据，在我倒数据的时候才发现上面有划痕，已经激活手机一个小时。换不了什么的我都可以接受，但你得让我知道划痕的来历，或者我该怎么解决。新来的手机谁也不希望看到这个吧，主要我担心是二手，或是翻新，或者某些原因。如果就是手机因为出厂带点小划痕我也不爱墨迹，可是你们客服能不能有个解决的态度。我好好的找你们，翻来覆去就是那几句自动回复搪塞我。一问外观划痕就没动静，我是来找你解决问题的你可否拿出个解决问题的态度，而不是搪塞和躲避。我很对你们失望。手机我也不换了，就这么凑合了，大家要买注意点吧，别让他们把我们的信任当成他们装逼的资本了。第一次没给五星。包括其他网购。你们解决问题的态度很差劲！,2018-02-20 14:18:19,21,1,1
时***柳,金牌会员,这才买半个月，就又降了二百块,2017-12-28 20:07:08,0,0,5
极***-,PLUS会员,这次购买感觉确实中奖了，一直以来在京东购买手机都没问题，这次后壳下边框竟然有一处小磕碰，掉了点漆。不过我正好激活了才仔细看手机的。询问客服说让走售后程序，看评论有一部分人跟我相同问题，插座下激活日期没问题，估计是手机出厂时就有瑕疵了，要么就是别人退货的机器。这次已经激活了，看客服也不愿意解决的样子，就自己留着用了，下次肯定注意了。对了送货确实不准时，说好的第二天到结果没动静到第三天才到。,2018-03-09 20:00:57,0,0,3
H***J,银牌会员,满意，是我想要的,2018-03-09 09:18:20,0,0,5
s***9,钻石会员,续航不错，比7好,2018-03-08 11:33:38,0,0,5
j***d,金牌会员,质量很棒~物美价廉~值得推荐！,2018-03-07 23:16:34,0,0,5
j***1,钻石会员,好用一直信任的好,2018-03-07 23:52:02,0,0,5
j***6,钻石会员,东西不错，也划算,2018-03-07 22:59:14,0,0,5
q***7,银牌会员,手机收到，是正货……各方面很流畅，只是第一次购买使用苹果手机，琢磨查询半天才适应使用。,2018-03-07 14:30:08,0,0,5
L***娃,钻石会员,可以这手机 便宜,2018-03-07 14:03:15,0,0,5
s***某,银牌会员,用了2天，还可以,2018-03-07 12:26:56,0,0,5
V***n,金牌会员,都挺好，看后期啦,2018-03-06 23:08:49,0,0,5
R***e,银牌会员,苹果的质量杠杠的,2018-03-06 19:54:08,0,0,5
海***茫,金牌会员,不得不吐槽一下京东的物流，虽说确实是很快！不过好歹也要注意一下安全，5000多买的手机送货也不上点心！我还一起买了无线充电器，各位看官自己看图吧！,2018-03-07 12:27:29,4,0,1
j***p,金牌会员,好像不怎么快,2018-03-07 17:04:00,0,0,4
程***c,PLUS会员[试用],就是买的有点贵,2018-03-07 15:01:49,0,0,5
燚***n,PLUS会员,质量好，很好用,2018-03-06 17:43:35,0,0,5
j***n,PLUS会员,还可以，后续如果感觉好了，还会再光顾！,2018-02-21 16:08:15,0,1,4
超***佬,银牌会员,喜欢这个颜色，尺寸重量也合适，就是激活后打开浏览器看到里面不知为何预置了几个中国移动的链接，感觉恶心，另外就是没有赠品。其它感觉还好。,2018-03-03 19:18:08,0,0,3
半***么,金牌会员,买了不到一个月就降价这么多  心里肯定是不舒服的  外观可以  但是iPhone现在的质量真是不行了  随便磕一下就是一个印子  玻璃背板也是脆弱的不行  完全离不开手机壳  你说这样再好看又有什么用呢,2018-03-04 20:52:23,1,0,2
j***2,银牌会员,手机收到了，不过感觉被拆过。查过还没激活也就懒得计较，我仔细看了好久发现音量键不平，缝隙不是很大，这个勉强可以接受，不是完美主义者。手机不知道是系统问题还是怎么滴。体验不说没有我之前的果7好，就连我的米6感觉都比不上。还有解锁时屏幕顶部有点白色的不知道什么鬼，等我更新系统用段时间再来追评。纠结买7还是买8的，我个人建议还是7好点，我都有点后悔买8了，激活了不知能不能退。,2018-03-04 10:03:05,0,0,3
j***y,银牌会员,朋友说目前不错,2018-03-08 21:55:15,0,0,5
等***弟,银牌会员,用了几天没问题,2018-03-08 11:08:12,0,0,5
k***R,银牌会员,非常好用666,2018-03-07 21:07:03,0,0,5
呅***咻,银牌会员,真的挺失望的，手机放在学校京东几天才去拿的，刚拿回来看了一下没有什么外观问题，去官网验了序列号是真的，手机刚开始激活用的时候下APP就出现了卡机的状态，因为第二天玩也没有这个情况所以就不追究了，从不那这个手机玩游戏看电视，就是聊聊天，刷刷微博，手机的电只能撑六七个小时，这中间还不是一直在玩，昨晚手机是第三次充电，充电过程中自己也没有用，手机竟然发烫，客服跟我说什么天气热，现在都已经冬天了，我也用的是原装充电器,2017-11-09 11:09:38,13,3,1
j***l,金牌会员,商品还没拆封。关键是我25号下单的，26号看到订单显示上午10:00送达，结果到晚上还没送达，联系客服说在运送中，询问快递单号，说看不到，第二天还是没有送达，到下午2:00多，再问客服，原来还没出库，然后客服才帮忙催单出库。结果我收到邮件显示说京东与客服之间的合同关系是只有在东西出库后才有效的，这简直莫名其妙，强词夺理！难道客户付了钱，你收了钱，合同还没产生吗？难道你收了钱，一直不发货，就可以视合同无效吗？更可气的是当我昨天久等无货，转而去其它商家看时却发现比京东便宜300元，我直接申请退货。但更令我大跌眼镜的是今天下班，门房间却通知我有快递，原来这个手机在我已经退货，且无人签收的情况下已经放在门房间了。然后我看到订单已经产生，而同时，商品也降了200元。我在京东也算是老客户了，但这次的购物真的是太令我失望了。,2018-03-01 20:25:44,3,0,1
j***i,PLUS会员,手机收到一开机电量很少，也不知道其他人买的是不是也是 这样！激活用了一段时间，希望耐用！,2018-03-08 12:43:57,0,0,4
R***U,PLUS会员,发货很快，各方面都不错，但是偶尔微信拍视频为什么会有噗噗噗心脏跳动的声音夹杂在视频中？,2018-03-07 23:11:09,0,0,4
j***z,PLUS会员,应该可以。。,2018-03-09 10:27:56,0,0,5
j***e,PLUS会员,好用实惠正品,2018-03-07 17:00:55,0,0,5
陈***5,PLUS会员,不错 很好用,2018-03-07 07:45:40,0,0,5
康***i,PLUS会员,还可以还可以,2018-03-07 19:35:41,0,0,5
j***h,PLUS会员,亏死了大降价,2018-03-06 17:38:27,0,0,5
j***鸭,PLUS会员,第二张图是没拆封的 可以看到京东正品（标签给损坏 开箱验货的那个）那个标签给别人撕了 然后留下来的小碎片 第二张图更加清楚 有撕过后的痕迹  还有一股万花油的味道 外包装透明胶纸旧旧烂烂 磨蹭的痕迹很多 查了一下是未激活的 手机开箱后仔细检查未发现问题 当时没拆的时候 看到这种情况就想退了 但是想到京东的售后 就望而却步了 也不想退了 心谈了 狮子4吧吧吧的价格我都不去 选择信赖京东 但是你们给我一部别人换过的机子 就这样对待老客户？ 不吹不黑 jd再见！,2018-03-06 00:51:02,2,0,1
x***o,银牌会员,盒子内清单显示有耳机，为什么没有呢？耳机呢？耳机呢,2018-03-05 13:51:56,1,0,3
徐***苑,PLUS会员,价格实惠,2018-03-08 20:04:26,0,0,5
i***l,PLUS会员,挺好用的,2018-03-07 15:33:10,0,0,5
jd_3467520,PLUS会员,还可以吧，第一次在京东买这么贵的东西，希望一直好下去、就是什么都没有送,2018-03-07 07:27:07,0,0,4
-***-,PLUS会员,手机很好用。就是发票问题，发票只给电子发票。一开始问，说是我没点纸质。我买了几台iphone，一台电脑，分次下单，都有确认点了普通纸质发票。全都没给，截图了。客服一直推责任，最后承认是他们系统强制更改成电子发票。不懂京东上个月开始涨运费，这个月开始不给发票是要干什么？真的666。点赞，逼老用户去*。,2018-03-03 22:58:40,1,1,1
j***1,银牌会员,非常喜欢?,2018-03-09 02:27:38,0,0,5
l***3,金牌会员,很好用，超值,2018-03-08 09:38:24,0,0,5
杰***8,金牌会员,手机非常漂亮,2018-03-08 09:37:28,0,0,5
h***0,金牌会员,不错，正版货,2018-03-07 19:50:10,0,0,5
M***总,钻石会员,很不错，正品,2018-03-07 19:41:41,0,0,5
S***e,钻石会员,我觉得蛮好的,2018-03-07 18:47:24,0,0,5
j***b,金牌会员,还可以吧正品,2018-03-07 17:08:07,0,0,5
j***4,PLUS会员[试用],手机还是很好用的，收到刚没两天就降价两百！还不能保价！不开心！,2018-03-07 00:13:05,0,0,4
刘***生,钻石会员,用着还行,2018-03-09 19:59:50,0,0,5
j***6,银牌会员,还可以吧,2018-03-09 10:35:26,0,0,5
h***9,金牌会员,可以可以,2018-03-09 20:10:29,0,0,5
零***憶,银牌会员,服务一流,2018-03-09 01:09:36,0,0,5
黄***5,钻石会员,还没用呢,2018-03-08 00:18:21,0,0,5
很***v,钻石会员,送货很快,2018-03-07 11:54:11,0,0,5
j***q,金牌会员,东西不错,2018-03-07 10:22:21,0,0,5
s***1,金牌会员,物有所值,2018-03-06 21:51:39,0,0,5
舒***徍,银牌会员,好手机。,2018-03-06 20:30:25,0,0,5
i***灭,金牌会员,挺不错的,2018-03-06 19:38:51,0,0,5
F***w,金牌会员,阔以阔以,2018-03-06 16:30:56,0,0,5
蚊***3,PLUS会员,苹果手机也不过如此，这么多年没啥进步。手机包装没有塑封。,2018-03-06 22:29:55,0,0,4
你***莫,银牌会员,买了将近十几天，系统操作还行，就是电池续航能力不行，充电倒是挺快的。,2018-03-07 23:31:36,0,0,4
小***T,金牌会员,送货速度没话说，机子也没有问题，就是没几天就降价200，有点郁闷,2018-03-06 18:16:20,0,0,4
某***莓,PLUS会员,买了就降价。。而且这个版本直接没了。,2018-03-09 16:18:06,0,0,4
糖***i,银牌会员,手机和6s区别不大，整体还可以，不过降价速度让我很不满,2018-03-06 20:33:34,0,0,4
j***1,金牌会员,买了两个星期够直降四百，坑死人,2018-03-03 09:13:30,0,0,5
